0	0.00116067155639291	0
0.0005005005005005	0.00170018507373972	0
0.001001001001001	0.00240398165601021	0
0.0015015015015015	0.00339888132997404	0
0.002002002002002	0.00473344869567701	0
0.0025025025025025	0.00643795618240352	0
0.003003003003003	0.00866683476687523	0
0.0035035035035035	0.0115739904478832	5.00535293103068e-05
0.004004004004004	0.0151746787976966	0.000235030106271312
0.0045045045045045	0.0195968415284561	0.000616748916761012
0.005005005005005	0.0249357809804908	0.00135893602208851
0.00550550550550551	0.0313173572970392	0.00295791359300268
0.00600600600600601	0.0388450423169211	0.00530876139525679
0.00650650650650651	0.0475036139590963	0.00981053214659126
0.00700700700700701	0.0575373309068599	0.0172765373227463
0.00750750750750751	0.0692163460112636	0.0290000179391325
0.00800800800800801	0.0826667330186825	0.0468192669231076
0.00850850850850851	0.0979097540928499	0.0723459981484414
0.00900900900900901	0.1151969226747	0.107651941061749
0.00950950950950951	0.134680482189936	0.155397951953462
0.01001001001001	0.156384399824378	0.216711538867536
0.0105105105105105	0.180414387599798	0.294520109866026
0.011011011011011	0.206823419595003	0.390630778066039
0.0115115115115115	0.23567797980373	0.509199603154434
0.012012012012012	0.267168622615616	0.652393767916264
0.0125125125125125	0.301549322005106	0.822156608368804
0.013013013013013	0.338902003203506	1.01948348456018
0.0135135135135135	0.379239711763044	1.24376654347308
0.014014014014014	0.422409561039318	1.49434159383516
0.0145145145145145	0.468801770019035	1.76962903714433
0.015015015015015	0.518559185570457	2.07035001442385
0.0155155155155155	0.571371533497672	2.39759161398579
0.016016016016016	0.627456335113831	2.74986689870711
0.0165165165165165	0.686893795833861	3.12739435040132
0.017017017017017	0.749429256198184	3.52696245504623
0.0175175175175175	0.815064784653798	3.944558862631
0.018018018018018	0.883703399899904	4.38110403998397
0.0185185185185185	0.955616008825873	4.8289728491641
0.019019019019019	1.0309471003213	5.28273237566539
0.0195195195195195	1.10923033619108	5.74260369712039
0.02002002002002	1.19052454632465	6.20523308130892
0.0205205205205205	1.27468085321015	6.6730758070312
0.021021021021021	1.36133341040911	7.14519049120616
0.0215215215215215	1.45026925992775	7.61678556753986
0.022022022022022	1.54148384289627	8.08282816257184
0.0225225225225225	1.63469970105031	8.53903252953948
0.023023023023023	1.73009414100242	8.98393359438298
0.0235235235235235	1.82733944094133	9.41908770899919
0.024024024024024	1.92656380311241	9.84524658286044
0.0245245245245245	2.02749986925124	10.2615981662408
0.025025025025025	2.12971798795534	10.6629022322949
0.0255255255255255	2.23329332289905	11.0440780235705
0.026026026026026	2.33794018794688	11.4057647532717
0.0265265265265265	2.44347586349086	11.7551069404881
0.027027027027027	2.54960787513514	12.0874061533975
0.0275275275275275	2.65597629487333	12.4024005352394
0.028028028028028	2.76241041252187	12.7024799654178
0.0285285285285285	2.86861281313618	12.9815154655791
0.029029029029029	2.97447409913055	13.2458689230137
0.0295295295295295	3.07992219400803	13.4919737166527
0.03003003003003	3.18478117923669	13.723235461468
0.0305305305305305	3.2889308755686	13.9341392599224
0.031031031031031	3.39268706910365	14.1217877115472
0.0315315315315315	3.4952720067517	14.2920506223277
0.032032032032032	3.59661754214654	14.4507985696424
0.0325325325325325	3.69653228566457	14.6041086157388
0.033033033033033	3.79492603735434	14.7485711475565
0.0335335335335335	3.89192199405037	14.8776004074088
0.034034034034034	3.98737458157597	14.9880486127786
0.0345345345345345	4.08083013657752	15.0832270460913
0.035035035035035	4.17242946311126	15.1696478990431
0.0355355355355355	4.2622386535389	15.2409490996878
0.036036036036036	4.35025829795353	15.3040545536406
0.0365365365365365	4.43628352439046	15.3590202686762
0.037037037037037	4.52018983905668	15.3979925545406
0.0375375375375375	4.60172618738466	15.432434100517
0.038038038038038	4.68108225821506	15.4527064930347
0.0385385385385385	4.75853125940253	15.4678812923916
0.039039039039039	4.83386124640694	15.4753947117221
0.0395395395395395	4.90706836825574	15.4715769018952
0.04004004004004	4.97799367438718	15.4592713279045
0.0405405405405405	5.04674267408538	15.442138304179
0.041041041041041	5.11346028698118	15.4204385165061
0.0415415415415415	5.17800537884115	15.3863692181954
0.042042042042042	5.24068056057288	15.3465043884466
0.0425425425425425	5.30161857013144	15.2967327964007
0.043043043043043	5.36051159187477	15.2375872276517
0.0435435435435435	5.41688328041061	15.1759597461314
0.044044044044044	5.47069687170938	15.1044452936695
0.0445445445445445	5.52233425513034	15.0230023840717
0.045045045045045	5.57141684798412	14.9339781854833
0.0455455455455455	5.61854550655929	14.8354693313274
0.046046046046046	5.66360798564041	14.733428938043
0.0465465465465465	5.7067115345696	14.6263223509299
0.047047047047047	5.74778872093182	14.5156381264549
0.0475475475475475	5.78667360757422	14.4045503671931
0.048048048048048	5.82359489127982	14.2901452453993
0.0485485485485486	5.85844299975771	14.1755206162412
0.049049049049049	5.89126370354377	14.0653852265225
0.0495495495495495	5.92234897215808	13.9502904107781
0.05005005005005	5.95157616712893	13.8328341043569
0.0505505505505505	5.97911387492632	13.7116853482514
0.0510510510510511	6.00479063842761	13.5859177941975
0.0515515515515515	6.0290064341165	13.4541079064607
0.0520520520520521	6.051985808437	13.3252441259526
0.0525525525525526	6.0734903405337	13.1963874930032
0.0530530530530531	6.09379082871806	13.0667865360372
0.0535535535535536	6.11281395630066	12.9343410346551
0.0540540540540541	6.12990222529649	12.8027161687523
0.0545545545545546	6.14564624275708	12.6702856302074
0.0550550550550551	6.15983057582774	12.5383782125788
0.0555555555555556	6.17236943941556	12.4075135220903
0.0560560560560561	6.1835558806103	12.2805603787479
0.0565565565565566	6.19311805408022	12.1539970647966
0.0570570570570571	6.20152912476663	12.0249614262796
0.0575575575575576	6.20907185067059	11.9006421724996
0.0580580580580581	6.2151768664022	11.77567045692
0.0585585585585586	6.21974036484974	11.6518033433363
0.0590590590590591	6.22298341086703	11.5251574306978
0.0595595595595596	6.22493981771897	11.3962348656418
0.0600600600600601	6.22633979592852	11.2631764216154
0.0605605605605606	6.22656887419432	11.132506225452
0.0610610610610611	6.22573231387175	11.0065116013574
0.0615615615615616	6.22397894427507	10.8853902482788
0.0620620620620621	6.22127049960771	10.761601971707
0.0625625625625626	6.21803710744162	10.6345994781641
0.0630630630630631	6.21398456197384	10.506014323711
0.0635635635635636	6.20897209662796	10.3754371842642
0.0640640640640641	6.20273497996284	10.2476887697126
0.0645645645645646	6.19608287778141	10.1257606406418
0.0650650650650651	6.18907988042493	10.011111960084
0.0655655655655656	6.1816238646443	9.89665753971921
0.0660660660660661	6.17321352454108	9.78570592457135
0.0665665665665666	6.16410784361803	9.67521286061675
0.0670670670670671	6.15453457237623	9.56760121680431
0.0675675675675676	6.14423825873556	9.4602605298553
0.0680680680680681	6.13305923158998	9.34966801697474
0.0685685685685686	6.1219840267589	9.23462478007139
0.0690690690690691	6.11059909256774	9.11807614357321
0.0695695695695696	6.098597540172	9.00247170301285
0.0700700700700701	6.08582480856779	8.88927611320267
0.0705705705705706	6.07252024701576	8.77354202765115
0.0710710710710711	6.05870627605493	8.65488607830607
0.0715715715715716	6.0440189855476	8.53495356631426
0.0720720720720721	6.02858017739064	8.41445397767221
0.0725725725725726	6.01280871900575	8.29362663800442
0.0730730730730731	5.99661824543715	8.17765349713092
0.0735735735735736	5.98021136774344	8.06942179856918
0.0740740740740741	5.96364951880117	7.96623712889578
0.0745745745745746	5.94692123503577	7.86491887858129
0.0750750750750751	5.9300266978379	7.76562604801137
0.0755755755755756	5.91287266730525	7.67414149512402
0.0760760760760761	5.89528563498664	7.58874153363405
0.0765765765765766	5.87740540979512	7.50358760103517
0.0770770770770771	5.85891341077871	7.41638062319063
0.0775775775775776	5.83996280953058	7.33042402968507
0.0780780780780781	5.82089657132522	7.24352544427953
0.0785785785785786	5.80177525958466	7.15762393600751
0.0790790790790791	5.78235159457238	7.07266889564458
0.0795795795795796	5.76292749742044	6.98511199794668
0.0800800800800801	5.74362052485116	6.89869364789515
0.0805805805805806	5.72417440279365	6.81226538503082
0.0810810810810811	5.70499519908988	6.72311606612512
0.0815815815815816	5.68557725238337	6.63382079289665
0.0820820820820821	5.6659526460243	6.54462869401834
0.0825825825825826	5.64630837594516	6.45732028072936
0.0830830830830831	5.62675567765177	6.37352316172813
0.0835835835835836	5.60739369542934	6.28669555096999
0.0840840840840841	5.58809620873378	6.20181131167443
0.0845845845845846	5.56880157771799	6.12310526831809
0.0850850850850851	5.54904118065913	6.04483106931145
0.0855855855855856	5.52878186344619	5.96354149451961
0.0860860860860861	5.5086423380115	5.88454419215671
0.0865865865865866	5.48877657168359	5.80500505015042
0.0870870870870871	5.46871561279226	5.72718432716
0.0875875875875876	5.44868089919649	5.64958656598322
0.0880880880880881	5.4285893597087	5.57076819033018
0.0885885885885886	5.40847862465428	5.49036450864721
0.0890890890890891	5.38837647328652	5.40878583154313
0.0895895895895896	5.36809568663913	5.32727571347258
0.0900900900900901	5.34747315869674	5.24705384123073
0.0905905905905906	5.32678906462177	5.16778844749007
0.0910910910910911	5.306212280898	5.09367935599391
0.0915915915915916	5.28588338089938	5.02485756508002
0.0920920920920921	5.26563168489112	4.95716718064162
0.0925925925925926	5.24499708497002	4.895191858985
0.0930930930930931	5.22409810731853	4.83572298992745
0.0935935935935936	5.20315296349342	4.77802538755402
0.0940940940940941	5.18197439126029	4.71910864038242
0.0945945945945946	5.16051794646727	4.66244099659505
0.0950950950950951	5.13879774058856	4.60873641907391
0.0955955955955956	5.1169208656184	4.55685506747842
0.0960960960960961	5.09491775311457	4.50554005507308
0.0965965965965966	5.07303894579444	4.45554948018979
0.0970970970970971	5.05109488065984	4.40239060184947
0.0975975975975976	5.02906923936645	4.34708859319833
0.0980980980980981	5.00700967826195	4.29037056060391
0.0985985985985986	4.98477404118856	4.23375795352785
0.0990990990990991	4.96247949690973	4.17943277642999
0.0995995995995996	4.94045220322711	4.12764814413104
0.1001001001001	4.91854923392366	4.07348331390251
0.100600600600601	4.89660491694648	4.0189470760715
0.101101101101101	4.87455272313973	3.96638287187875
0.101601601601602	4.85269590754457	3.91070137304602
0.102102102102102	4.83092525185334	3.85474923110765
0.102602602602603	4.80887798129852	3.79628780080262
0.103103103103103	4.78715908719923	3.73775854930496
0.103603603603604	4.76505405562122	3.68187454236982
0.104104104104104	4.7428537231869	3.6277385649681
0.104604604604605	4.7206115219115	3.57679606085325
0.105105105105105	4.69845188974173	3.52876657387525
0.105605605605606	4.67583061445817	3.48001311454316
0.106106106106106	4.65305140519088	3.43401904192301
0.106606606606607	4.6304515685128	3.39172467085287
0.107107107107107	4.60826774800569	3.3500804720212
0.107607607607608	4.58602991248754	3.31218208619546
0.108108108108108	4.5637116647055	3.27772477366192
0.108608608608609	4.54122712644599	3.24273273562207
0.109109109109109	4.51873625191267	3.20661533577751
0.10960960960961	4.49627930711533	3.17135267630364
0.11011011011011	4.47417751874609	3.13500528393027
0.110610610610611	4.45257210530778	3.0968762877573
0.111111111111111	4.43120399207033	3.05802715112689
0.111611611611612	4.40987367835659	3.01800773717857
0.112112112112112	4.38832010574817	2.97821792370167
0.112612612612613	4.36691566219155	2.94032055226721
0.113113113113113	4.34561669460175	2.90489405055544
0.113613613613614	4.32425798030465	2.87089298292371
0.114114114114114	4.30309415120852	2.83496261764781
0.114614614614615	4.28233958369263	2.79888020348177
0.115115115115115	4.26153270718674	2.7639010045053
0.115615615615616	4.24051750035048	2.73019310046851
0.116116116116116	4.21957217206077	2.6977099923403
0.116616616616617	4.19872358885002	2.66750865282696
0.117117117117117	4.17820570342584	2.63799707808182
0.117617617617618	4.15786011387968	2.60578160276982
0.118118118118118	4.13782555018832	2.57238503909678
0.118618618618619	4.11776906222776	2.53948666437248
0.119119119119119	4.09769804643044	2.50280072470891
0.11961961961962	4.07753145830466	2.46707591431433
0.12012012012012	4.05768478852835	2.43237084845515
0.120620620620621	4.03793567300361	2.39790830808221
0.121121121121121	4.01840553281297	2.3643511356499
0.121621621621622	3.99888145422055	2.33066366527316
0.122122122122122	3.9794643745389	2.29618849174271
0.122622622622623	3.96067574460088	2.26153687616639
0.123123123123123	3.94213901155053	2.22700754880306
0.123623623623624	3.9238208237826	2.19179491779565
0.124124124124124	3.90554956889548	2.15783299938352
0.124624624624625	3.88713681798033	2.12293286168254
0.125125125125125	3.86855487163422	2.09080046487447
0.125625625625626	3.85004957866506	2.06068381477882
0.126126126126126	3.83171307775301	2.03138443793329
0.126626626626627	3.81342758866854	2.00257360885654
0.127127127127127	3.79527267053876	1.97733872713052
0.127627627627628	3.77710549448859	1.95139732260745
0.128128128128128	3.75914125276479	1.92751611413259
0.128628628628629	3.74143392931889	1.90661574743816
0.129129129129129	3.7237476264621	1.88753952818806
0.12962962962963	3.70641918035014	1.86935633510759
0.13013013013013	3.68880054294579	1.84898265656988
0.130630630630631	3.67148056928995	1.82629512061059
0.131131131131131	3.6542862983583	1.80477801390727
0.131631631631632	3.63717819246065	1.78434998196506
0.132132132132132	3.62001833281846	1.76404707955085
0.132632632632633	3.60300204019687	1.74322949524232
0.133133133133133	3.58643657093572	1.72210364559511
0.133633633633634	3.56992844280316	1.7004564132758
0.134134134134134	3.55344009731161	1.67646114647794
0.134634634634635	3.53684341640092	1.65208260672751
0.135135135135135	3.52023385996823	1.62791843521292
0.135635635635636	3.50346686430326	1.60613768699936
0.136136136136136	3.48646730117482	1.58492308899838
0.136636636636637	3.46967190583004	1.56201075238472
0.137137137137137	3.45318989111484	1.5410891975266
0.137637637637638	3.43688797497798	1.52263567845117
0.138138138138138	3.42028431117153	1.50550781298255
0.138638638638639	3.40346731668913	1.48809884371988
0.139139139139139	3.38656390211107	1.46994818014877
0.13963963963964	3.36944919151889	1.45262485972965
0.14014014014014	3.35240641835288	1.43614048627334
0.140640640640641	3.33559297950767	1.41930137712616
0.141141141141141	3.31907738232896	1.40360567658272
0.141641641641642	3.30271310771202	1.38932522198426
0.142142142142142	3.28681939095251	1.37447291222369
0.142642642642643	3.27101543804448	1.35985743328553
0.143143143143143	3.25526413556304	1.34477374159192
0.143643643643644	3.23965598360048	1.32784915366038
0.144144144144144	3.22395770592543	1.31175617332553
0.144644644644645	3.20828022878645	1.29558904835667
0.145145145145145	3.19270005111397	1.27767971546728
0.145645645645646	3.17683929905606	1.26042609256445
0.146146146146146	3.16119288363104	1.24376111036946
0.146646646646647	3.14590932793222	1.22745455025389
0.147147147147147	3.13083865490989	1.2130585788246
0.147647647647648	3.11601635956602	1.19892665894667
0.148148148148148	3.10118081746559	1.18720041921275
0.148648648648649	3.08643275760289	1.17660152666136
0.149149149149149	3.07211850479925	1.16392312561855
0.14964964964965	3.0579825509267	1.15171819175866
0.15015015015015	3.04403237458361	1.13822513245966
0.150650650650651	3.03006100527003	1.1241037505742
0.151151151151151	3.01590221185675	1.11044360478804
0.151651651651652	3.00175662391519	1.09638671034812
0.152152152152152	2.98754616213385	1.08080695096969
0.152652652652653	2.97349958547173	1.06636471439596
0.153153153153153	2.95977887299624	1.05261536090066
0.153653653653654	2.94639551915627	1.03956581811974
0.154154154154154	2.93328172004767	1.02522366908051
0.154654654654655	2.92026853516807	1.00989586431311
0.155155155155155	2.90721304078395	0.993076938934236
0.155655655655656	2.89399896624797	0.975562484005921
0.156156156156156	2.88086052568384	0.958820822409431
0.156656656656657	2.86760239401414	0.944361492179499
0.157157157157157	2.85450231900422	0.930101654471154
0.157657657657658	2.84147100466374	0.915541883800745
0.158158158158158	2.82853899970718	0.90239245608409
0.158658658658659	2.81592031752721	0.889663092056604
0.159159159159159	2.80348033654268	0.879076365703228
0.15965965965966	2.79123960146925	0.869142282494319
0.16016016016016	2.7791993414347	0.859473965792854
0.160660660660661	2.76711885557198	0.849842254152182
0.161161161161161	2.75500920603753	0.842481810415046
0.161661661661662	2.74283592485263	0.8367575391846
0.162162162162162	2.73069501715977	0.83244255557732
0.162662662662663	2.71864891364001	0.827709878570856
0.163163163163163	2.70660150087502	0.822678915016074
0.163663663663664	2.6948680598654	0.815305078983899
0.164164164164164	2.68296704337673	0.80736921407212
0.164664664664665	2.67099127281266	0.800134245383087
0.165165165165165	2.65888476384465	0.793637374071507
0.165665665665666	2.64659447840989	0.785734564777426
0.166166166166166	2.63414585748561	0.777503874960179
0.166666666666667	2.6216714831157	0.769554436732486
0.167167167167167	2.60933397443631	0.76080162565406
0.167667667667668	2.59729589540964	0.752628959691096
0.168168168168168	2.58573714033834	0.743752464188826
0.168668668668669	2.57458925946397	0.734538451210754
0.169169169169169	2.56342153024376	0.723898397683282
0.16966966966967	2.55234302647253	0.713458778441316
0.17017017017017	2.54149086307517	0.702400761700753
0.170670670670671	2.53039697815846	0.691010445364116
0.171171171171171	2.51923196411391	0.67939032814703
0.171671671671672	2.50783632254326	0.667462452105549
0.172172172172172	2.49637629091145	0.654780525244984
0.172672672672673	2.48508481213365	0.642316967413538
0.173173173173173	2.47418935656798	0.630663929518424
0.173673673673674	2.46340075478072	0.620625528308494
0.174174174174174	2.45258373966246	0.611976789874839
0.174674674674675	2.44188435835283	0.603700981685727
0.175175175175175	2.43131378189322	0.596100090145233
0.175675675675676	2.42077692967608	0.589150150409305
0.176176176176176	2.41030736075479	0.582760020073043
0.176676676676677	2.39971587024287	0.576687170203624
0.177177177177177	2.38895636354199	0.571873782201329
0.177677677677678	2.37797369040793	0.566631788631491
0.178178178178178	2.36726792062335	0.561644338386974
0.178678678678679	2.35651185146293	0.55676499356147
0.179179179179179	2.34589593891361	0.551707361944241
0.17967967967968	2.3356341035355	0.545758517961651
0.18018018018018	2.32573457475987	0.53978326227546
0.180680680680681	2.31587737813544	0.535049737804846
0.181181181181181	2.30564377381436	0.530078475390243
0.181681681681682	2.2953137465732	0.524827392493943
0.182182182182182	2.28466655435203	0.519834161221836
0.182682682682683	2.27406862535472	0.516592379709174
0.183183183183183	2.2634778434493	0.51281894133348
0.183683683683684	2.25290140960074	0.508115427876456
0.184184184184184	2.24245893112427	0.503617737610553
0.184684684684685	2.23197467229688	0.498763979861368
0.185185185185185	2.22163978757	0.493544857253179
0.185685685685686	2.21103349244048	0.487998472946074
0.186186186186186	2.20048455351045	0.481446451805003
0.186686686686687	2.19019397021187	0.474574176419889
0.187187187187187	2.18007276045311	0.468030051622266
0.187687687687688	2.17010143335531	0.460459144069787
0.188188188188188	2.16016616346371	0.451429125068541
0.188688688688689	2.15048474089738	0.442038532887665
0.189189189189189	2.14090500664819	0.434231043907847
0.18968968968969	2.13130245111358	0.427240128995901
0.19019019019019	2.12185831560561	0.420740543493137
0.190690690690691	2.11267842404426	0.414671497106916
0.191191191191191	2.10356798873207	0.409661825686105
0.191691691691692	2.09444127010097	0.405341999300168
0.192192192192192	2.08527852917511	0.401869969839869
0.192692692692693	2.07602215617255	0.398941491012532
0.193193193193193	2.06649936660717	0.395667606833346
0.193693693693694	2.05697628872134	0.392560300370427
0.194194194194194	2.04761344680524	0.389699149938174
0.194694694694695	2.03850317417791	0.386677682062402
0.195195195195195	2.02948687570277	0.384360287064441
0.195695695695696	2.02047122843072	0.382589369292879
0.196196196196196	2.01153954035897	0.379992247796734
0.196696696696697	2.00267081455904	0.37649631096403
0.197197197197197	1.99380841134653	0.371764811546602
0.197697697697698	1.98497507699454	0.366407759046014
0.198198198198198	1.97592056578051	0.36079635158202
0.198698698698699	1.96677030589003	0.355329267544645
0.199199199199199	1.95750839888609	0.349268004712337
0.1996996996997	1.94833635925222	0.342791310012573
0.2002002002002	1.93915161953086	0.336551961338556
0.200700700700701	1.93017667400698	0.331379511718689
0.201201201201201	1.92167313486105	0.326189345357489
0.201701701701702	1.9134695870441	0.320169095349852
0.202202202202202	1.90529725958268	0.314405668930367
0.202702702702703	1.8972687746957	0.309326194601139
0.203203203203203	1.88910640150398	0.303670288045663
0.203703703703704	1.88099179003987	0.297895595824232
0.204204204204204	1.87277674313843	0.293069314208307
0.204704704704705	1.86479991393436	0.289043146716499
0.205205205205205	1.85680136103782	0.285532771725686
0.205705705705706	1.84875391577431	0.282318505926019
0.206206206206206	1.84086926562116	0.279115634861736
0.206706706706707	1.83314913299061	0.275884759382661
0.207207207207207	1.82544272129093	0.273239033187355
0.207707707707708	1.81752943768892	0.270559925051703
0.208208208208208	1.80961342009755	0.268796407015646
0.208708708708709	1.80157503818488	0.267380363537763
0.209209209209209	1.79362085708876	0.266086220855696
0.20970970970971	1.7857584165201	0.265005654684906
0.21021021021021	1.77792288503516	0.2635797686352
0.210710710710711	1.77016835713064	0.262938563345573
0.211211211211211	1.7624504034955	0.262516595387723
0.211711711711712	1.75456498794022	0.261194535663584
0.212212212212212	1.74653131734014	0.259192894874019
0.212712712712713	1.73839225900871	0.256902846584908
0.213213213213213	1.73016037361409	0.254213779413754
0.213713713713714	1.72229142401719	0.250951358007149
0.214214214214214	1.71461456944822	0.247269829534144
0.214714714714715	1.70711359013729	0.24374666168716
0.215215215215215	1.69977909668748	0.240184118425195
0.215715715715716	1.69261113456922	0.236654610174389
0.216216216216216	1.68540591433437	0.233258645125185
0.216716716716717	1.67829519526274	0.230443988824869
0.217217217217217	1.6714060911143	0.227473495394274
0.217717717717718	1.66457256579361	0.224368512287564
0.218218218218218	1.65800187276625	0.221436373800201
0.218718718718719	1.65158084074972	0.219023710133873
0.219219219219219	1.6450738157594	0.217395387970547
0.21971971971972	1.63844272530453	0.216019978276543
0.22022022022022	1.63178145634694	0.213888826376015
0.220720720720721	1.62509859230857	0.212200312421618
0.221221221221221	1.61862689437665	0.210118514134436
0.221721721721722	1.61241033719391	0.207480493296398
0.222222222222222	1.60614137071794	0.205456517883478
0.222722722722723	1.59989797791974	0.203301259629001
0.223223223223223	1.59375700700477	0.201044406516528
0.223723723723724	1.58781582810223	0.198680523079727
0.224224224224224	1.58197076268091	0.195811976388646
0.224724724724725	1.57621716577205	0.192737005024443
0.225225225225225	1.57022927775009	0.189691378479209
0.225725725725726	1.56399752699152	0.185760304473915
0.226226226226226	1.55759891992488	0.181752692567488
0.226726726726727	1.55140325172253	0.178247744123754
0.227227227227227	1.54531994602885	0.175875025319891
0.227727727727728	1.53949722682476	0.174336738287486
0.228228228228228	1.53378287914119	0.172986059624553
0.228728728728729	1.52805944012793	0.171321573490925
0.229229229229229	1.52235935049401	0.169625778934365
0.22972972972973	1.51662347849586	0.167896358924838
0.23023023023023	1.51103557840789	0.165902714818834
0.230730730730731	1.50544507471015	0.164491677421676
0.231231231231231	1.49992415230972	0.163431059850971
0.231731731731732	1.49435894327929	0.162253832262816
0.232232232232232	1.48868498376726	0.161611776183328
0.232732732732733	1.48290164556838	0.160568249656726
0.233233233233233	1.47718116856008	0.158652737982985
0.233733733733734	1.47163355955073	0.156979714042104
0.234234234234234	1.46611974328346	0.15458628491774
0.234734734734735	1.46056241938428	0.151425868653307
0.235235235235235	1.45493028668576	0.148551225664078
0.235735735735736	1.44921645881829	0.146070803734435
0.236236236236236	1.44346885503811	0.14422462116638
0.236736736736737	1.43792587884585	0.142566283002219
0.237237237237237	1.43240589554525	0.141346220984901
0.237737737737738	1.42693938310923	0.140283724331316
0.238238238238238	1.42137719843447	0.139340931191206
0.238738738738739	1.41580645513207	0.138336566358529
0.239239239239239	1.41017734961849	0.137150278272313
0.23973973973974	1.40447966376008	0.135938455085495
0.24024024024024	1.39864068713198	0.134569706380981
0.240740740740741	1.39282999485784	0.133203623879327
0.241241241241241	1.38708885849747	0.131492679300174
0.241741741741742	1.38131406772917	0.128853605051488
0.242242242242242	1.37573845864106	0.126482231039448
0.242742742742743	1.37010589155632	0.123915076362134
0.243243243243243	1.36429328430026	0.121111769040891
0.243743743743744	1.35847637426996	0.118735668015396
0.244244244244244	1.35263670169013	0.116463993782343
0.244744744744745	1.34681482025271	0.114599887468069
0.245245245245245	1.34084476532154	0.112953453075843
0.245745745745746	1.33478875565105	0.111800920816274
0.246246246246246	1.32869626420012	0.111283414148107
0.246746746746747	1.32269386428639	0.110454123643369
0.247247247247247	1.31655583932161	0.11006441726939
0.247747747747748	1.31059871912495	0.109272783709505
0.248248248248248	1.3049605331908	0.108685915091775
0.248748748748749	1.29939315130445	0.108350337211644
0.249249249249249	1.29394488396389	0.107647947311116
0.24974974974975	1.28871439544363	0.106798231042718
0.25025025025025	1.28373524875355	0.10577626658308
0.250750750750751	1.27877506453352	0.104937152773118
0.251251251251251	1.27403863063771	0.103831129157874
0.251751751751752	1.26930729989301	0.102502893539369
0.252252252252252	1.26442632714747	0.100986327999173
0.252752752752753	1.25944472794407	0.0990113274745984
0.253253253253253	1.25452943636099	0.0970603919684103
0.253753753753754	1.24979270980052	0.095037959369403
0.254254254254254	1.24505495807041	0.0930893289690828
0.254754754754755	1.24013041525806	0.0918067941896485
0.255255255255255	1.23524328088362	0.0900845490838597
0.255755755755756	1.23038356484651	0.0885092297962874
0.256256256256256	1.22556046903945	0.0872784547201719
0.256756756756757	1.22080078193452	0.0865113193915499
0.257257257257257	1.21592590553685	0.0858238165163768
0.257757757757758	1.21113485227674	0.0852814312808843
0.258258258258258	1.20651997619383	0.0852177191108401
0.258758758758759	1.20185158737529	0.0856395635006279
0.259259259259259	1.19721726742593	0.0860781193679527
0.25975975975976	1.19252708845176	0.0863277009203768
0.26026026026026	1.18787290863908	0.0864783353011543
0.260760760760761	1.1832197936472	0.0860657052778602
0.261261261261261	1.17856401296519	0.0850018144248884
0.261761761761762	1.17397506734469	0.0839906557729362
0.262262262262262	1.16928910188816	0.0826072427634422
0.262762762762763	1.1646916693437	0.0810026173471454
0.263263263263263	1.16020748319058	0.0796821615383398
0.263763763763764	1.15571286275682	0.0783510225245182
0.264264264264264	1.15116834149619	0.0770516504862884
0.264764764764765	1.14661632148722	0.0761934449630117
0.265265265265265	1.14214216129762	0.0755814925779955
0.265765765765766	1.13777350143004	0.0750162105943306
0.266266266266266	1.13334198939816	0.0744389229536883
0.266766766766767	1.12869664401746	0.0744232029165169
0.267267267267267	1.12412035522238	0.0743745272965465
0.267767767767768	1.11968794617168	0.0744343652276419
0.268268268268268	1.11527206299951	0.074478273639502
0.268768768768769	1.11081585353242	0.074592495494936
0.269269269269269	1.10635437994956	0.0745719436040932
0.26976976976977	1.10178168602439	0.0742060685000706
0.27027027027027	1.09721133311024	0.0740107609786389
0.270770770770771	1.09280883402888	0.0734397326713679
0.271271271271271	1.08838425145336	0.0725262806462485
0.271771771771772	1.08381924459476	0.0716179790044943
0.272272272272272	1.0792061096471	0.0705812217582843
0.272772772772773	1.07449724345436	0.0694769178693442
0.273273273273273	1.06983754536254	0.0684137092201789
0.273773773773774	1.06528513621184	0.0674592574607394
0.274274274274274	1.06093318469086	0.0662878716123293
0.274774774774775	1.05669462364144	0.064801464359859
0.275275275275275	1.05249519393196	0.0634211740354916
0.275775775775776	1.04840013882224	0.0618350300490965
0.276276276276276	1.04442579581901	0.0606291962102523
0.276776776776777	1.04057393529611	0.0595459492420451
0.277277277277277	1.03681336605312	0.0585946690372353
0.277777777777778	1.03320538961739	0.0578841730021179
0.278278278278278	1.02958733077269	0.0570633211126771
0.278778778778779	1.02585474072978	0.0564144107609747
0.279279279279279	1.02192501500722	0.055943933647956
0.27977977977978	1.01814337485201	0.0553823996156915
0.28028028028028	1.01445941974502	0.0551351648105682
0.280780780780781	1.01069739580648	0.0546330539195894
0.281281281281281	1.00685345924526	0.0539950524294794
0.281781781781782	1.00300630052003	0.0535924828375123
0.282282282282282	0.999096741225789	0.0532121710441418
0.282782782782783	0.995151035319137	0.052504655858411
0.283283283283283	0.991247714488402	0.051810371116033
0.283783783783784	0.987299377101719	0.0513135242702944
0.284284284284284	0.983352000160597	0.0508003068593497
0.284784784784785	0.979486212515416	0.0503486459149049
0.285285285285285	0.975482043814465	0.0500761345004583
0.285785785785786	0.971501252550782	0.0496376401483789
0.286286286286286	0.967451746135026	0.0488002745008035
0.286786786786787	0.963363339465532	0.0475279221098251
0.287287287287287	0.959162599992508	0.0462692300893091
0.287787787787788	0.954899148413768	0.0450756511638184
0.288288288288288	0.950601333471164	0.0437753304485797
0.288788788788789	0.946346847667232	0.0426308644632335
0.289289289289289	0.942330285532237	0.0414502994421636
0.28978978978979	0.938274510373102	0.0400354923452193
0.29029029029029	0.934258747735814	0.0386797456972184
0.290790790790791	0.930176250181962	0.0374943601323938
0.291291291291291	0.92607928087659	0.0361567386495512
0.291791791791792	0.922065588756909	0.0353371463532164
0.292292292292292	0.918125575036274	0.0349422616329305
0.292792792792793	0.914184179248661	0.0348432109753157
0.293293293293293	0.910342054626388	0.0351532451402036
0.293793793793794	0.906545563910907	0.0360724496143839
0.294294294294294	0.902834467591033	0.0370615066136992
0.294794794794795	0.898990945591873	0.0378010654146831
0.295295295295295	0.895169562001949	0.0384393645302471
0.295795795795796	0.891539017225207	0.0391386592500239
0.296296296296296	0.8879157296326	0.0397558437255493
0.296796796796797	0.884297968793921	0.0406540891405125
0.297297297297297	0.880915883675521	0.0416322375338509
0.297797797797798	0.877594574892989	0.0425145636754179
0.298298298298298	0.874405543903099	0.0429097811604413
0.298798798798799	0.871423396437781	0.0427600381440695
0.299299299299299	0.868526959764601	0.0422512372860033
0.2997997997998	0.865650793149679	0.0415146742060286
0.3003003003003	0.863061820382934	0.0409093689919744
0.300800800800801	0.860544511623046	0.0401940546156415
0.301301301301301	0.857962997812487	0.0398062454024715
0.301801801801802	0.855480141197729	0.0394932902141517
0.302302302302302	0.853121199713856	0.0391348992425463
0.302802802802803	0.850808525967292	0.0388224115736985
0.303303303303303	0.848577073308425	0.0382651870524512
0.303803803803804	0.846447367783965	0.0374341663919278
0.304304304304304	0.844305442083171	0.0363494014945044
0.304804804804805	0.842046931042736	0.0350344486384858
0.305305305305305	0.839678643203184	0.0339472536628695
0.305805805805806	0.837267463980595	0.0332505994574781
0.306306306306306	0.834800762188939	0.0330745004636963
0.306806806806807	0.832205577717112	0.0327851815068701
0.307307307307307	0.829691598545385	0.0322398660997355
0.307807807807808	0.827193869452534	0.0315555311431224
0.308308308308308	0.824644731874295	0.030812537288251
0.308808808808809	0.822066230314768	0.0298601486558127
0.309309309309309	0.819588986653862	0.0291380639993966
0.30980980980981	0.817133127484245	0.0290306668877994
0.31031031031031	0.814591017599814	0.0289867246854484
0.310810810810811	0.812190107597763	0.0290949514804399
0.311311311311311	0.809695365388168	0.0294115761305872
0.311811811811812	0.807233016849747	0.0296393421092813
0.312312312312312	0.804705570149621	0.0296279757915553
0.312812812812813	0.802140840343348	0.0293208891736361
0.313313313313313	0.799509049315618	0.0285158347345886
0.313813813813814	0.796704198883628	0.0274504314276716
0.314314314314314	0.793723976815866	0.0264067281564697
0.314814814814815	0.790711738646866	0.025637974220159
0.315315315315315	0.787670992864742	0.0247038681460315
0.315815815815816	0.784826799892794	0.0238532604694362
0.316316316316316	0.781903674512354	0.0231885209930414
0.316816816816817	0.77905791529394	0.0225309647362644
0.317317317317317	0.776219873214055	0.0217813464376332
0.317817817817818	0.773338334915862	0.0214967763428063
0.318318318318318	0.770529492749278	0.021475498991236
0.318818818818819	0.767554634688676	0.0216095803950068
0.319319319319319	0.764600838712718	0.0220951829476713
0.31981981981982	0.761646358482983	0.0226190871010922
0.32032032032032	0.758730152485081	0.0230559408017753
0.320820820820821	0.755848923107205	0.0233698805059841
0.321321321321321	0.752947100489723	0.0235127721009118
0.321821821821822	0.750142536761202	0.0233372428150102
0.322322322322322	0.747317805440059	0.0231009054388942
0.322822822822823	0.744489422998135	0.0225826994625838
0.323323323323323	0.74161811344175	0.0220382524959431
0.323823823823824	0.738712773719467	0.0214503197333693
0.324324324324324	0.735828373065188	0.0208717192533335
0.324824824824825	0.733066430568761	0.0203925121505011
0.325325325325325	0.730438513370641	0.019963991114727
0.325825825825826	0.727898554807358	0.0194523317027643
0.326326326326326	0.725479401292344	0.0190780447932354
0.326826826826827	0.723198862427744	0.0187313627170128
0.327327327327327	0.720904461209779	0.0184878820455354
0.327827827827828	0.718627566332496	0.0185611301495734
0.328328328328328	0.716521066975419	0.0187767475085984
0.328828828828829	0.714532462401539	0.0188006374797495
0.329329329329329	0.71255051529821	0.0187201450347443
0.32982982982983	0.710697063655139	0.0186211188182858
0.33033033033033	0.708858377241487	0.0185345062872155
0.330830830830831	0.706861077949103	0.0184700233475956
0.331331331331331	0.704630260998213	0.0181582669554358
0.331831831831832	0.702317852700356	0.017871205619778
0.332332332332332	0.700011353451769	0.0177822932907118
0.332832832832833	0.697570905975324	0.0176564880450658
0.333333333333333	0.694980563159461	0.0176167126094912
0.333833833833834	0.69247748241433	0.017483787518557
0.334334334334334	0.690006484820076	0.0171506445145976
0.334834834834835	0.687531067499181	0.0169525494085261
0.335335335335335	0.68513978316575	0.016792428894894
0.335835835835836	0.682887164108319	0.0165697680155112
0.336336336336336	0.680743681835914	0.016524911068169
0.336836836836837	0.678603931579644	0.016461236551494
0.337337337337337	0.676557942658959	0.0164392384069059
0.337837837837838	0.674483414328559	0.0165332401508812
0.338338338338338	0.672478766279084	0.0166879232415999
0.338838838838839	0.670414262638991	0.0169430054149737
0.339339339339339	0.66832119960967	0.0172556553537028
0.33983983983984	0.666137508924528	0.0173968216615463
0.34034034034034	0.663870336836323	0.0174556909334427
0.340840840840841	0.661474578862664	0.0173770497481741
0.341341341341341	0.659054317503043	0.0170958927129898
0.341841841841842	0.65655288726274	0.0166938984826386
0.342342342342342	0.654036692315809	0.0160836903333585
0.342842842842843	0.651526799260469	0.0152400610394239
0.343343343343343	0.649066742827631	0.0145056027607836
0.343843843843844	0.646585237152941	0.0138805801074071
0.344344344344344	0.644187922226708	0.0132130855956352
0.344844844844845	0.641871024792923	0.0124901470622433
0.345345345345345	0.639396718463001	0.0117901734081282
0.345845845845846	0.636826476708698	0.011266664650956
0.346346346346346	0.634227968803957	0.0110534516730833
0.346846846846847	0.631715121764553	0.0109900499842063
0.347347347347347	0.629221716910746	0.0110891660412255
0.347847847847848	0.62676113544855	0.0113541547799558
0.348348348348348	0.624248034196926	0.0117399761698515
0.348848848848849	0.62173793094235	0.0122955583979451
0.349349349349349	0.619380188558982	0.0127213870538822
0.34984984984985	0.616987464791791	0.013013582853826
0.35035035035035	0.614625982443302	0.0133037013002216
0.350850850850851	0.612365744852434	0.013514009604999
0.351351351351351	0.610024158104629	0.0135344021324175
0.351851851851852	0.607599068225869	0.0135419782193089
0.352352352352352	0.605282748719754	0.013649206203088
0.352852852852853	0.603052114137927	0.0136581796923626
0.353353353353353	0.600840234916848	0.013478403992932
0.353853853853854	0.598641636848516	0.0135409947784695
0.354354354354354	0.59656847917764	0.0134477040039643
0.354854854854855	0.594529852591267	0.013256273472871
0.355355355355355	0.592555161775362	0.0130014282117262
0.355855855855856	0.590608631310646	0.0127841344069072
0.356356356356356	0.588774885527232	0.0123610694571613
0.356856856856857	0.586849057886553	0.011909847262838
0.357357357357357	0.584799281722672	0.011488093785424
0.357857857857858	0.582660037300309	0.0111181415071471
0.358358358358358	0.580545529388729	0.0107207296971978
0.358858858858859	0.578404144913422	0.0102999028813762
0.359359359359359	0.576183125287928	0.00995055425392263
0.35985985985986	0.57392283316875	0.00953448344426374
0.36036036036036	0.571608567534188	0.00918248935362076
0.360860860860861	0.569307325660875	0.00901277434489474
0.361361361361361	0.566940590723187	0.0087769642314144
0.361861861861862	0.564578502131687	0.00849958565892139
0.362362362362362	0.562299073686155	0.00849857703841718
0.362862862862863	0.560147243372963	0.00839166094913786
0.363363363363363	0.558055635858454	0.00823380313218766
0.363863863863864	0.555910996463416	0.00807220288692591
0.364364364364364	0.553705249541981	0.0079412085414018
0.364864864864865	0.551505526607624	0.0078485550958085
0.365365365365365	0.549316562254786	0.00768094216569408
0.365865865865866	0.547068179364255	0.00737495486905088
0.366366366366366	0.544706636345783	0.00717308274454046
0.366866866866867	0.542334547658271	0.00709742053962725
0.367367367367367	0.539937696593078	0.00703763816073145
0.367867867867868	0.537554281183157	0.00702252017674017
0.368368368368368	0.535113909378394	0.00706921735175504
0.368868868868869	0.532741019425816	0.00714115334286876
0.369369369369369	0.530366594192447	0.00723668082289843
0.36986986986987	0.527968654301999	0.00735791728688183
0.37037037037037	0.525633844495475	0.00746171446201141
0.370870870870871	0.523465987229412	0.00746907311554907
0.371371371371371	0.521386465437805	0.00736396038790753
0.371871871871872	0.519272381930876	0.00717860421069584
0.372372372372372	0.517253092849333	0.00693852624835519
0.372872872872873	0.515364448702778	0.00659924784326964
0.373373373373373	0.513535192518702	0.00641156021155649
0.373873873873874	0.511643994556391	0.0061674871455907
0.374374374374374	0.509745441451428	0.00587114067329728
0.374874874874875	0.507861484632343	0.00558385682964047
0.375375375375375	0.506107335643759	0.00536788449671964
0.375875875875876	0.504453233753769	0.00523820749634982
0.376376376376376	0.502869825474266	0.00518653125878259
0.376876876876877	0.50139730096684	0.00523906596512343
0.377377377377377	0.499996907683173	0.00528313008807525
0.377877877877878	0.4986061115682	0.00529885515515582
0.378378378378378	0.497282789268956	0.00542236817439388
0.378878878878879	0.496050958545514	0.00554744007865011
0.379379379379379	0.494749638478172	0.00549316411404937
0.37987987987988	0.493455409867867	0.00537970793220675
0.38038038038038	0.492180341252441	0.00521440105895889
0.380880880880881	0.491023125872587	0.00510491435573669
0.381381381381381	0.489833745273364	0.00501178963474228
0.381881881881882	0.488688576668612	0.0049924453433863
0.382382382382382	0.487537875123512	0.00513616171407756
0.382882882882883	0.486405585462573	0.00534883860153768
0.383383383383383	0.485204390012822	0.00549420654847043
0.383883883883884	0.484034091198988	0.00561402444156901
0.384384384384384	0.48304739414462	0.00576681874789775
0.384884884884885	0.482087554080922	0.00593740266318238
0.385385385385385	0.481018162232305	0.00615255534445063
0.385885885885886	0.479855552828322	0.00636783381939605
0.386386386386386	0.478620520863532	0.00659337257298213
0.386886886886887	0.47735222881066	0.00684704616443836
0.387387387387387	0.475967635466749	0.00699401469273403
0.387887887887888	0.474509639534495	0.00701586323030595
0.388388388388388	0.473064046411352	0.00699236374435229
0.388888888888889	0.471726351759466	0.00680243418567756
0.389389389389389	0.470403909602291	0.00658400423760373
0.38988988988989	0.46898344499583	0.00645547962533539
0.39039039039039	0.467546154820427	0.00626496252224005
0.390890890890891	0.466080488347603	0.00607985835837166
0.391391391391391	0.464645892151263	0.00586774313671029
0.391891891891892	0.463161428791309	0.00561009192281929
0.392392392392392	0.461660704548057	0.00528313353054916
0.392892892892893	0.46010288214835	0.00497875750128388
0.393393393393393	0.458452363330517	0.00474171956760041
0.393893893893894	0.45672401849891	0.00454045895828709
0.394394394394394	0.455053438436543	0.00439956044865385
0.394894894894895	0.453463834283539	0.00423750842891558
0.395395395395395	0.451866102896943	0.00410134584034013
0.395895895895896	0.450159359778155	0.00404781461072709
0.396396396396396	0.448520637977846	0.00404311804987527
0.396896896896897	0.446813779283935	0.004041806220262
0.397397397397397	0.445199645261488	0.00397211629907598
0.397897897897898	0.443623955900008	0.00402101823707922
0.398398398398398	0.442096280867892	0.00415097342339921
0.398898898898899	0.440631456294777	0.00419538065285882
0.399399399399399	0.439180044703044	0.004137926030742
0.3998998998999	0.437789666161732	0.00412872348877111
0.4004004004004	0.436408495005305	0.00408284260383609
0.400900900900901	0.435109090182261	0.00391752610570254
0.401401401401401	0.433785433785045	0.00377650427883293
0.401901901901902	0.432496175808592	0.00374924186066283
0.402402402402402	0.431283254679771	0.00372442483310165
0.402902902902903	0.43012011069737	0.00380954595334373
0.403403403403403	0.428990647272557	0.00383554013551783
0.403903903903904	0.427903083320168	0.00380805593047454
0.404404404404404	0.426904376174012	0.00399506132345287
0.404904904904905	0.425893714212882	0.00418097711418148
0.405405405405405	0.424966172949285	0.00427093733193637
0.405905905905906	0.423982186302463	0.00436919709374198
0.406406406406406	0.422932966764505	0.0045661676098774
0.406906906906907	0.421898395488441	0.00473626217847828
0.407407407407407	0.420980243073989	0.00473620977065308
0.407907907907908	0.420026700060779	0.00463981246766967
0.408408408408408	0.419030233438818	0.00452421396081297
0.408908908908909	0.418043863953076	0.00435140364473649
0.409409409409409	0.417061536176422	0.00415010944586488
0.40990990990991	0.416013023631225	0.00405201842934766
0.41041041041041	0.414947472373192	0.00398434912708304
0.410910910910911	0.414029914715279	0.00387515219951877
0.411411411411411	0.41297437965133	0.00378954412250665
0.411911911911912	0.411780489381992	0.00359470625072943
0.412412412412412	0.410448912901945	0.00338330778019493
0.412912912912913	0.409124125060991	0.00333887931359787
0.413413413413413	0.407864420920742	0.00329796634195486
0.413913913913914	0.406488045722008	0.00316425048304258
0.414414414414414	0.405049716518369	0.00299754367531401
0.414914914914915	0.403621547206199	0.0028670478030743
0.415415415415415	0.402280045684295	0.00279829662418211
0.415915915915916	0.400920175153318	0.00273784668539654
0.416416416416416	0.399548247965956	0.00275255506452121
0.416916916916917	0.39816745199872	0.00268804777158987
0.417417417417417	0.396812875962921	0.00262075502204251
0.417917917917918	0.395505264074999	0.0026276157892168
0.418418418418418	0.394058770185152	0.00277106786401583
0.418918918918919	0.392547215774261	0.00294551309683655
0.419419419419419	0.390960491786419	0.003114892741428
0.41991991991992	0.389425597268136	0.00329065979403287
0.42042042042042	0.387825193529457	0.00342638724130245
0.420920920920921	0.386338442817408	0.00356755409015834
0.421421421421421	0.384873891810185	0.00376072622059167
0.421921921921922	0.38332249635588	0.00395226619104719
0.422422422422422	0.381839873219891	0.00402188027026931
0.422922922922923	0.380420887277438	0.00395087200556977
0.423423423423423	0.378938770148055	0.00383105939464322
0.423923923923924	0.377512160414551	0.00362899589310454
0.424424424424424	0.376185402471469	0.00340590499142464
0.424924924924925	0.374871476816818	0.00320672407209964
0.425425425425425	0.373567124707134	0.00292868124864815
0.425925925925926	0.372237653186268	0.00264939653150475
0.426426426426426	0.370936733718624	0.00242941485456754
0.426926926926927	0.369613031650958	0.0023050099872905
0.427427427427427	0.368371397360922	0.00218765359686249
0.427927927927928	0.367116861150249	0.00207133296190947
0.428428428428428	0.365997144567159	0.00198806872141715
0.428928928928929	0.364938409331636	0.00190457489598724
0.429429429429429	0.363912278269101	0.00183659853988997
0.42992992992993	0.362934152788557	0.00187408277382576
0.43043043043043	0.361999334023222	0.00196388966139944
0.430930930930931	0.361153842006078	0.00205479456267771
0.431431431431431	0.360186871252343	0.00216290649686513
0.431931931931932	0.359296718326379	0.00229548004869626
0.432432432432432	0.35849165713481	0.0023469158770487
0.432932932932933	0.357672230347594	0.00234481792637108
0.433433433433433	0.357033546286133	0.00234414623006469
0.433933933933934	0.356555894364255	0.00229675648582361
0.434434434434434	0.355964830139788	0.0022138426717582
0.434934934934935	0.355392450795483	0.0021519621880169
0.435435435435435	0.354776895615623	0.00220981855594485
0.435935935935936	0.354155661621367	0.00223260073733311
0.436436436436436	0.353540806625307	0.00222964740456612
0.436936936936937	0.352932496099921	0.00219258104840887
0.437437437437437	0.352271733717194	0.00212324641660529
0.437937937937938	0.351505621610104	0.00202280787305355
0.438438438438438	0.350630144807176	0.00195454673757607
0.438938938938939	0.349698245057067	0.00186859300102975
0.439439439439439	0.348740996908568	0.00175754225647508
0.43993993993994	0.347793366904984	0.00167211939246204
0.44044044044044	0.346746583102153	0.00154930547613865
0.440940940940941	0.345580025550084	0.00138327352753646
0.441441441441441	0.344431168699064	0.0012960077461066
0.441941941941942	0.343304619570629	0.00124790123586876
0.442442442442442	0.342258595867832	0.00119054995033578
0.442942942942943	0.341242171964735	0.00115027745918239
0.443443443443443	0.34020658918722	0.00114731151003108
0.443943943943944	0.339082784197838	0.00118292096844179
0.444444444444444	0.337832383766084	0.00119039278522744
0.444944944944945	0.336379767136614	0.00118161053942639
0.445445445445445	0.334793225627783	0.00113104689336856
0.445945945945946	0.333164466055083	0.00114000299215778
0.446446446446446	0.331568206510732	0.00116791074932889
0.446946946946947	0.329930519761365	0.00125509923754839
0.447447447447447	0.328269534268054	0.00131127616158932
0.447947947947948	0.326589900749045	0.00135661372158959
0.448448448448448	0.324881595469415	0.00137494131420221
0.448948948948949	0.323370430998119	0.0013334245373197
0.449449449449449	0.321830161900953	0.00126592575235626
0.44994994994995	0.320352945093705	0.00127938909491783
0.45045045045045	0.318893024235874	0.00124378858043429
0.450950950950951	0.317419668220435	0.00118196628751461
0.451451451451451	0.315949711653084	0.00111892498004381
0.451951951951952	0.314509498152052	0.00113129836131048
0.452452452452452	0.313151284884384	0.00112810486160222
0.452952952952953	0.31179683819937	0.00109578633363614
0.453453453453453	0.310441477409097	0.00104050667572263
0.453953953953954	0.309122727899333	0.000982044324763258
0.454454454454454	0.307789618386761	0.00101096239512519
0.454954954954955	0.306581399639786	0.00103567273241417
0.455455455455455	0.30541925306645	0.00110218788264755
0.455955955955956	0.304327861815673	0.00113958042343373
0.456456456456456	0.303304468789062	0.00117414729900459
0.456956956956957	0.302394999390995	0.00119413743923876
0.457457457457457	0.301548781737064	0.00117423133314284
0.457957957957958	0.300601119657514	0.00115167372123262
0.458458458458458	0.299770266619396	0.0011386975234301
0.458958958958959	0.299008405292257	0.0011229469359673
0.459459459459459	0.298292250902512	0.0011214837364214
0.45995995995996	0.297732633246088	0.0010850473527688
0.46046046046046	0.29727120084931	0.0010674671885838
0.460960960960961	0.296751309510715	0.0010572944304388
0.461461461461461	0.296211795964867	0.0010357260052734
0.461961961961962	0.295700720715992	0.00109110208601368
0.462462462462462	0.295138553438002	0.0011322572815036
0.462962962962963	0.294612748043451	0.00120179221043962
0.463463463463463	0.294106636597888	0.00123400897148114
0.463963963963964	0.293568864716271	0.00126273158778954
0.464464464464464	0.293059065332784	0.00125155795776785
0.464964964964965	0.292548454699606	0.00120048808141605
0.465465465465465	0.291989048199389	0.00111949239012847
0.465965965965966	0.291346571327682	0.00106662033625057
0.466466466466466	0.29066393838944	0.000996040368414798
0.466966966966967	0.289926928701074	0.000901094647715222
0.467467467467467	0.289145832511374	0.000823242255628788
0.467967967967968	0.288342191901474	0.000791539539548617
0.468468468468468	0.287536571826349	0.000738850361520661
0.468968968968969	0.286760195729211	0.000667877993066966
0.469469469469469	0.286048883355505	0.000665983433438556
0.46996996996997	0.285327608612281	0.000658374786246794
0.47047047047047	0.284546219960854	0.000717947663784326
0.470970970970971	0.283688234733146	0.000777550893124773
0.471471471471471	0.282788747265919	0.000858228041891227
0.471971971971972	0.28180022463335	0.000909817514992957
0.472472472472472	0.280789530211934	0.000926497772555842
0.472972972972973	0.279757033429223	0.000908268814579899
0.473473473473473	0.278766010783039	0.000855130641065118
0.473973973973974	0.277673050756061	0.000826797870330664
0.474474474474474	0.276606584756498	0.000843758945320048
0.474974974974975	0.275593721133879	0.000855064473002118
0.475475475475475	0.274620994454855	0.000831460785145355
0.475975975975976	0.273590034297869	0.00082743734221109
0.476476476476476	0.272609616853461	0.000817346848300149
0.476976976976977	0.271599525291262	0.000807403789385949
0.477477477477477	0.270539262097	0.000808565932588037
0.477977977977978	0.269424837355592	0.000889640958745862
0.478478478478478	0.268310173157003	0.000930952591129787
0.478978978978979	0.267220055016485	0.000932367977183621
0.479479479479479	0.266120845470734	0.000926305809517514
0.47997997997998	0.265027567503066	0.000940067324260453
0.48048048048048	0.2638538967954	0.00093507261572759
0.480980980980981	0.262702320356328	0.000959192386458016
0.481481481481481	0.261599624984372	0.000952855670975885
0.481981981981982	0.260500235765733	0.00091118589538509
0.482482482482482	0.259434944364629	0.000870172150092925
0.482982982982983	0.258431560425106	0.000813858016335631
0.483483483483483	0.257453325825037	0.000749866807974019
0.483983983983984	0.256536779630463	0.000684855045919154
0.484484484484485	0.255500672437981	0.00063508170453619
0.484984984984985	0.254534267505737	0.000561266649512094
0.485485485485485	0.253563201223997	0.00050206588859808
0.485985985985986	0.252548013503292	0.00049349238017389
0.486486486486486	0.251556458642055	0.000514898640435114
0.486986986986987	0.250623396857847	0.000516356777531288
0.487487487487487	0.24971967185401	0.000497866791462413
0.487987987987988	0.248838288882022	0.00045942868222849
0.488488488488488	0.247961473909487	0.000401042449829519
0.488988988988989	0.247030965235157	0.000374289950273211
0.48948948948949	0.246099174971165	0.000437172331626858
0.48998998998999	0.245230303145179	0.000523899279639207
0.49049049049049	0.24439919058267	0.000585691073695244
0.490990990990991	0.243569013082153	0.00062254771379497
0.491491491491491	0.242746233980456	0.000634469199938386
0.491991991991992	0.241899800685689	0.000658429441430745
0.492492492492492	0.241062481996454	0.000692526700209757
0.492992992992993	0.240150432001229	0.000721373537899794
0.493493493493493	0.239263560167317	0.000750308447804541
0.493993993993994	0.23832309519697	0.000749321172961719
0.494494494494495	0.237351281352013	0.000782642766734067
0.494994994994995	0.236401748345941	0.00080676900318488
0.495495495495495	0.235460532875703	0.000800973054888118
0.495995995995996	0.234551152661716	0.000765254921843788
0.496496496496497	0.233716004168708	0.000725023840738663
0.496996996996997	0.232903978848751	0.000705923881219457
0.497497497497497	0.232154330341709	0.000691150136303987
0.497997997997998	0.231462249354379	0.000695867887644145
0.498498498498498	0.230760997277713	0.000706571759583682
0.498998998998999	0.230052682734572	0.000706455619014006
0.4994994994995	0.229371149085082	0.000705173032769733
0.5	0.228866439479149	0.000676169679349185
