-30	3.34952830441035e-05	0.000251713478595745	0.00185790221179448
-29.964964964965	3.33582294541846e-05	0.00025340518912426	0.00187058740779118
-29.9299299299299	3.324760886536e-05	0.000255177023532904	0.00188335584241813
-29.8948948948949	3.30854244521262e-05	0.000256996254780651	0.00189605573977312
-29.8598598598599	3.27017265071965e-05	0.000258745198706883	0.0019090122913766
-29.8248248248248	3.24377079904175e-05	0.000260401254589166	0.00192196143866111
-29.7897897897898	3.19390120957818e-05	0.000261904152577539	0.00193497825681715
-29.7547547547548	3.13910082729844e-05	0.000263351473936895	0.00194811875135613
-29.7197197197197	3.12411620640136e-05	0.00026451801327199	0.00196147771617915
-29.6846846846847	3.10025664159573e-05	0.000265708438402876	0.00197534582785609
-29.6496496496496	3.08308167914036e-05	0.000267140130225316	0.00198945259724384
-29.6146146146146	3.06480326866034e-05	0.000268722082957269	0.00200386911386943
-29.5795795795796	3.05353227891011e-05	0.00027037069667219	0.00201817570780813
-29.5445445445445	3.05228170211704e-05	0.000272164102670115	0.00203265982872947
-29.5095095095095	3.0769166541074e-05	0.00027407878948962	0.00204723303206755
-29.4744744744745	3.09275368877137e-05	0.000275974142881056	0.00206201059262314
-29.4394394394394	3.11917390410859e-05	0.000277767278552416	0.00207744335133834
-29.4044044044044	3.14122771541787e-05	0.000279782846748585	0.00209294057141212
-29.3693693693694	3.15638202350894e-05	0.000281747335299237	0.00210808018699651
-29.3343343343343	3.15986255825318e-05	0.000283482676208723	0.00212334048532424
-29.2992992992993	3.14537643990236e-05	0.000284929962346385	0.00213914235758173
-29.2642642642643	3.14423658941823e-05	0.000286242946651181	0.00215546863076883
-29.2292292292292	3.16470604361576e-05	0.00028784464159606	0.00217208525677254
-29.1941941941942	3.17394667861361e-05	0.000289343470868829	0.00218901972628107
-29.1591591591592	3.19059474274508e-05	0.000291161439455487	0.00220608167267636
-29.1241241241241	3.19658821744045e-05	0.000293079261875643	0.00222321709223292
-29.0890890890891	3.20796482213186e-05	0.000295120833097488	0.00224022248800997
-29.0540540540541	3.28490003144087e-05	0.000297204162862978	0.00225745020304384
-29.019019019019	3.35557066795621e-05	0.000299363893324696	0.00227449143733136
-28.983983983984	3.40695207469204e-05	0.000301248770966306	0.00229188733402091
-28.9489489489489	3.46463550106224e-05	0.00030320578105127	0.00230999652987926
-28.9139139139139	3.53898858365712e-05	0.000305354185103057	0.0023287424866641
-28.8788788788789	3.65862175278465e-05	0.000307723375924053	0.00234755175927758
-28.8438438438438	3.77692201325677e-05	0.000309971519953563	0.00236670620028997
-28.8088088088088	3.90111936775539e-05	0.000312340198419626	0.00238593173202707
-28.7737737737738	4.01595508159617e-05	0.00031481956234354	0.00240517759787034
-28.7387387387387	4.16490369649891e-05	0.00031718828314426	0.00242410756825752
-28.7037037037037	4.32568183887965e-05	0.0003196606270008	0.00244312202359224
-28.6686686686687	4.47631434893886e-05	0.000322039068320263	0.00246222922470435
-28.6336336336336	4.62190340566758e-05	0.000324163230254056	0.00248143266776651
-28.5985985985986	4.76333310965195e-05	0.000326140592983413	0.00250097026364957
-28.5635635635636	4.89821144822443e-05	0.000328314936379612	0.00252067179614357
-28.5285285285285	5.01393864799505e-05	0.000330781549474025	0.00254080832015574
-28.4934934934935	5.13202273227141e-05	0.000333267062435302	0.0025611418020335
-28.4584584584585	5.23722168328895e-05	0.000336010091432784	0.00258178072957805
-28.4234234234234	5.35576987025413e-05	0.000338763097807089	0.00260244084102679
-28.3883883883884	5.45941274967287e-05	0.000341678357317155	0.00262341120285677
-28.3533533533534	5.55496218965978e-05	0.000344450726568299	0.00264451169358077
-28.3183183183183	5.67043630844757e-05	0.000347143558604322	0.00266566885798101
-28.2832832832833	5.78142956842751e-05	0.000349855561406401	0.00268680460356807
-28.2482482482482	5.87651623430081e-05	0.000352671501803416	0.00270797306579635
-28.2132132132132	5.99303724507179e-05	0.00035564624734923	0.0027289433409487
-28.1781781781782	6.09794958206006e-05	0.000358580419818372	0.00274973221565525
-28.1431431431431	6.17846682486513e-05	0.000361865288293358	0.00277125693497094
-28.1081081081081	6.2205194918073e-05	0.000365586061021432	0.00279326187122789
-28.0730730730731	6.25078277343918e-05	0.000369800379577295	0.00281565106810548
-28.038038038038	6.28105509473553e-05	0.000373876477097875	0.00283825852839996
-28.003003003003	6.26614062121698e-05	0.000377944169964637	0.00286080171762354
-27.967967967968	6.22750208424656e-05	0.000381894021487682	0.00288351556856295
-27.9329329329329	6.16953035026291e-05	0.000385820624911958	0.00290637249962137
-27.8978978978979	6.09846469533863e-05	0.000390118686927616	0.00292964086735973
-27.8628628628629	6.02693131654741e-05	0.000394385242077807	0.00295350320448395
-27.8278278278278	5.93100280796448e-05	0.000398597616522214	0.00297811886903915
-27.7927927927928	5.82493526677261e-05	0.000403042856713367	0.00300268539515516
-27.7577577577578	5.7525792400216e-05	0.000407582960746673	0.00302735306764158
-27.7227227227227	5.67275456792428e-05	0.000412052901477577	0.00305208267510957
-27.6876876876877	5.58299271194581e-05	0.000416588028487522	0.00307676947080445
-27.6526526526527	5.54322617373826e-05	0.000421137381546818	0.00310140468151082
-27.6176176176176	5.50460391174436e-05	0.000425517359318572	0.00312642048847132
-27.5825825825826	5.49060613308443e-05	0.00042972295128962	0.00315128806351762
-27.5475475475475	5.49793553110991e-05	0.000433879752869618	0.00317592830661771
-27.5125125125125	5.49074774620549e-05	0.000438319963808486	0.00320057353074292
-27.4774774774775	5.49675469966195e-05	0.000442779278577995	0.0032256175748096
-27.4424424424424	5.53665706626364e-05	0.000447299364751017	0.00325054750058389
-27.4074074074074	5.60474664055911e-05	0.000451794149716757	0.00327515901359276
-27.3723723723724	5.70571401207536e-05	0.000456401896539748	0.00329976026189427
-27.3373373373373	5.81720166008016e-05	0.000461189049583004	0.00332505420854163
-27.3023023023023	5.95680533828311e-05	0.000465948956097663	0.00335051014419814
-27.2672672672673	6.08489042052558e-05	0.000470451286471132	0.00337644620572258
-27.2322322322322	6.21825104213194e-05	0.000474615414662723	0.00340275003911987
-27.1971971971972	6.34649657233857e-05	0.000478588281176337	0.00342928253399765
-27.1621621621622	6.45827763047022e-05	0.000482465060651649	0.00345569252705274
-27.1271271271271	6.55273814321254e-05	0.00048636647916831	0.00348200659467069
-27.0920920920921	6.67790803711968e-05	0.000490353815239358	0.00350859087047738
-27.0570570570571	6.81881852629999e-05	0.000494571156941941	0.0035349837607826
-27.022022022022	6.95986747972719e-05	0.000498810612852009	0.00356160303369085
-26.986986986987	7.12689516455382e-05	0.000502999073198044	0.00358828850438712
-26.951951951952	7.29402804890889e-05	0.000507263818087236	0.00361509856133522
-26.9169169169169	7.46794707761584e-05	0.000511478881404108	0.00364173408492342
-26.8818818818819	7.64082200361515e-05	0.000515753106907922	0.00366878898113057
-26.8468468468468	7.80110537548962e-05	0.000520227356770954	0.00369612468759399
-26.8118118118118	7.94989301602196e-05	0.000524455288585382	0.00372337737499906
-26.7767767767768	8.11383264741994e-05	0.000528480355300203	0.00375039456888704
-26.7417417417417	8.26496500886703e-05	0.000532885340323794	0.00377739138192445
-26.7067067067067	8.38743779037456e-05	0.000537878484686133	0.00380425537856533
-26.6716716716717	8.48889230402527e-05	0.000543059915546657	0.00383096189908805
-26.6366366366366	8.56061449941571e-05	0.000548274372370066	0.00385790984836973
-26.6016016016016	8.62374164168306e-05	0.00055386778648279	0.003884925087125
-26.5665665665666	8.64710260340157e-05	0.000559673091136879	0.00391214022298633
-26.5315315315315	8.62792090207156e-05	0.00056541014411846	0.00393946754795818
-26.4964964964965	8.58795682712183e-05	0.000570987198865342	0.00396721213949354
-26.4614614614615	8.53490789248177e-05	0.000576432948871526	0.00399502728103968
-26.4264264264264	8.46310077366659e-05	0.000581927225051865	0.00402290357172163
-26.3913913913914	8.40707339168899e-05	0.000587140662007093	0.0040508358546671
-26.3563563563564	8.41649901424307e-05	0.000592627697774981	0.00407951346814619
-26.3213213213213	8.45292856256363e-05	0.000598286134425709	0.00410928265420849
-26.2862862862863	8.4839503600394e-05	0.000603820226436373	0.0041397060387489
-26.2512512512513	8.54010929174784e-05	0.000609235743147009	0.00417052184232384
-26.2162162162162	8.5784072336235e-05	0.000614910959876331	0.00420171642236689
-26.1811811811812	8.61916039640789e-05	0.000620590225486445	0.00423347390127186
-26.1461461461461	8.67670084266078e-05	0.000626043270293031	0.00426560433556445
-26.1111111111111	8.7301907756359e-05	0.000631269940815159	0.00429818087582431
-26.0760760760761	8.79529480845806e-05	0.000636458191613185	0.00433119606030714
-26.041041041041	8.89940669827709e-05	0.000641517505529185	0.00436460507723351
-26.006006006006	9.02279952013144e-05	0.000646360127173942	0.00439819153512877
-25.970970970971	9.11665789026557e-05	0.000651235539894407	0.00443143311604014
-25.9359359359359	9.18705235961905e-05	0.000656484263322995	0.00446484936202731
-25.9009009009009	9.24196507456995e-05	0.00066253907516637	0.00449821455117715
-25.8658658658659	9.25957844009567e-05	0.000668439022698144	0.00453173122884878
-25.8308308308308	9.25093919436314e-05	0.00067465874531992	0.00456581980202142
-25.7957957957958	9.2584538766613e-05	0.000681523390335167	0.00460047407592922
-25.7607607607608	9.28064104277293e-05	0.000688628981969395	0.00463533702877506
-25.7257257257257	9.28749319233745e-05	0.000696489836282782	0.00467051177431193
-25.6906906906907	9.28214160336852e-05	0.00070482556814071	0.00470536953144094
-25.6556556556557	9.27190677465292e-05	0.00071286214846294	0.00474031082188885
-25.6206206206206	9.26021279916569e-05	0.000720766476966218	0.00477545725835821
-25.5855855855856	9.20781190171067e-05	0.000728781904950593	0.00481023799678915
-25.5505505505506	9.1760329658548e-05	0.000737220950986956	0.00484502799299298
-25.5155155155155	9.17598308337016e-05	0.0007457264328528	0.00487958918984714
-25.4804804804805	9.1972210397944e-05	0.000754477333601595	0.00491437048475651
-25.4454454454454	9.23396785650409e-05	0.000763257245497729	0.00494931637912194
-25.4104104104104	9.28706864835605e-05	0.000771701927460161	0.00498440044053375
-25.3753753753754	9.37109100040426e-05	0.000780059742728206	0.00501966613576537
-25.3403403403403	9.49109602698886e-05	0.000788671049982977	0.00505543851537498
-25.3053053053053	9.63763384200736e-05	0.00079710755707236	0.00509155282577334
-25.2702702702703	9.77953676654901e-05	0.000805275214444655	0.00512742980597169
-25.2352352352352	9.90827225347894e-05	0.000813140487318289	0.0051633215106911
-25.2002002002002	9.99808318265558e-05	0.000821118998885746	0.00519968607273344
-25.1651651651652	0.000100832046393776	0.000829440130046109	0.00523656913626498
-25.1301301301301	0.000101288336504003	0.000838275223103223	0.00527362210896323
-25.0950950950951	0.000101562988780286	0.000847014668955591	0.00531078555055489
-25.0600600600601	0.000102236449469335	0.000855401735548604	0.0053484278891108
-25.025025025025	0.000103879901444467	0.000863136449358788	0.00538669523460631
-24.98998998999	0.000105578663975348	0.000870622971323041	0.00542518055284588
-24.954954954955	0.000107613767712651	0.000878076253655988	0.0054639674857859
-24.9199199199199	0.000109835481530347	0.000885828279855543	0.00550299015564156
-24.8848848848849	0.000112117743679231	0.000893516315530541	0.00554195423053351
-24.8498498498498	0.000114468896591158	0.000900922972691535	0.00558123190475726
-24.8148148148148	0.000116876395231878	0.000907968704854645	0.00562094220677521
-24.7797797797798	0.000119494952344916	0.000914764617880714	0.00566065816726024
-24.7447447447447	0.000122187674361512	0.000921616130854331	0.00570079428852335
-24.7097097097097	0.000124844489859963	0.000928345304751034	0.00574183728294261
-24.6746746746747	0.000127424491715716	0.000934954504654999	0.00578364423280788
-24.6396396396396	0.000129849626992415	0.000941405991114356	0.00582556788842708
-24.6046046046046	0.000132197790006898	0.000947795946614148	0.00586806784276298
-24.5695695695696	0.000134539435726381	0.0009550239957532	0.00591054813904122
-24.5345345345345	0.000136811245708788	0.000962398763256211	0.00595271248292887
-24.4994994994995	0.000138634794813694	0.000970015851671481	0.00599559477357515
-24.4644644644645	0.000140183994346872	0.00097778266846161	0.00603888345285563
-24.4294294294294	0.00014144031739374	0.000986019659547721	0.00608155106688345
-24.3943943943944	0.000142326572281281	0.000994535296180689	0.00612368474655407
-24.3593593593594	0.000143206637280382	0.00100314186752282	0.00616636573126022
-24.3243243243243	0.000144231803262725	0.00101169852672123	0.00620861225285823
-24.2892892892893	0.000144612975223761	0.00101978500368708	0.00625025643110753
-24.2542542542543	0.000144571807589042	0.00102803346358519	0.0062918360469782
-24.2192192192192	0.00014456651259759	0.00103601035867123	0.00633384771554823
-24.1841841841842	0.000144406735514893	0.00104365759146185	0.00637613369856665
-24.1491491491491	0.000143919721797587	0.00105127911038606	0.00641934210132562
-24.1141141141141	0.000144074433592793	0.00105863652907351	0.00646331523799171
-24.0790790790791	0.000144896682208607	0.0010658915901361	0.0065077427601862
-24.044044044044	0.000146363940254451	0.00107306621454162	0.00655252768713656
-24.009009009009	0.000148046697305619	0.00108097369114681	0.00659710390652096
-23.973973973974	0.000149954605077461	0.00108920124917019	0.0066423215051623
-23.9389389389389	0.000152173211497471	0.0010974553188584	0.00668811850824717
-23.9039039039039	0.000154380682753001	0.00110555156288106	0.00673473426188364
-23.8688688688689	0.000156655808206604	0.00111342350353351	0.00678167703178575
-23.8338338338338	0.000158436316902133	0.00112097276039218	0.00682857109560364
-23.7987987987988	0.000159931262564366	0.00112844942944157	0.0068755843461993
-23.7637637637638	0.000161269930240017	0.00113609844814498	0.00692386603512121
-23.7287287287287	0.000162850534450278	0.0011443586402996	0.00697253161972045
-23.6936936936937	0.000164639432932745	0.00115268558228049	0.00702091282402566
-23.6586586586587	0.000166632120617078	0.00116158520241823	0.00706943657359452
-23.6236236236236	0.00016848932626198	0.00117115309119323	0.00711812390119637
-23.5885885885886	0.000170149318915126	0.00118093483067367	0.0071666102110613
-23.5535535535536	0.00017189555963481	0.0011903854187306	0.00721484800333303
-23.5185185185185	0.000174106084524317	0.0012002118320712	0.00726318521912658
-23.4834834834835	0.000176702778384258	0.001209986549379	0.0073116284778849
-23.4484484484484	0.00017919116080545	0.00122019228824851	0.00736057128981599
-23.4134134134134	0.000181483385517552	0.00123089361570695	0.00740933707182833
-23.3783783783784	0.000183357355916174	0.00124190222981182	0.00745830696863615
-23.3433433433433	0.000185202459762142	0.00125295919028626	0.00750727335907276
-23.3083083083083	0.000187321156185015	0.00126475868429442	0.00755610742190936
-23.2732732732733	0.000190024283335237	0.00127720622030524	0.00760582350245577
-23.2382382382382	0.000192923295546664	0.00129012071800152	0.00765625726341642
-23.2032032032032	0.000195243734111918	0.00130349285384434	0.0077078772148699
-23.1681681681682	0.000197687504322512	0.0013174303140073	0.00776036276735484
-23.1331331331331	0.000199943896664163	0.00133113955117974	0.00781363808078208
-23.0980980980981	0.00020189285237497	0.00134495754134747	0.0078676695173913
-23.0630630630631	0.000203845677855755	0.00135838265930604	0.0079221405893006
-23.028028028028	0.000206075986608706	0.00137209101517864	0.00797678874239591
-22.992992992993	0.000208133980694697	0.00138631184583658	0.00803191343168716
-22.957957957958	0.000209647544652885	0.00140143790834537	0.00808749142966439
-22.9229229229229	0.000210926838079935	0.00141679369532046	0.00814360960916544
-22.8878878878879	0.000212129957222739	0.00143222370286796	0.00820040426846307
-22.8528528528529	0.000212929401867865	0.00144725436556924	0.0082572706344853
-22.8178178178178	0.000213911622924059	0.00146220938721875	0.00831409227754953
-22.7827827827828	0.00021516120729985	0.00147666172645687	0.00837136678522133
-22.7477477477477	0.000216797875302737	0.00149178589877147	0.00842881481529131
-22.7127127127127	0.000218528693728188	0.0015072838891558	0.00848662930786771
-22.6776776776777	0.000220183878458277	0.00152203679251226	0.00854451188393307
-22.6426426426426	0.00022168814174831	0.00153689829266092	0.00860256585411536
-22.6076076076076	0.00022386954918545	0.00155170215901946	0.0086608386675377
-22.5725725725726	0.000226529465673617	0.00156637528879237	0.00871847511157314
-22.5375375375375	0.000228810513373897	0.00158088848689651	0.00877619840070545
-22.5025025025025	0.000231626618475387	0.00159513905015546	0.0088347247906193
-22.4674674674675	0.000234495589761154	0.00160902274326174	0.00889356418469802
-22.4324324324324	0.000237329623438161	0.0016228956864193	0.00895267910829152
-22.3973973973974	0.000240126438763919	0.00163762423983842	0.00901255836780295
-22.3623623623624	0.000243068971767859	0.00165263881028046	0.00907329694006235
-22.3273273273273	0.000245415148712312	0.00166748598066557	0.00913465325793398
-22.2922922922923	0.000247293374295174	0.00168255688625797	0.00919637684901777
-22.2572572572573	0.000249275548005481	0.00169770785903058	0.00925856264413881
-22.2222222222222	0.000252351364266393	0.00171289435798004	0.0093212582906779
-22.1871871871872	0.000255479670057884	0.00172870072519259	0.00938364177552973
-22.1521521521522	0.000258939880190341	0.00174445924667908	0.0094461685929861
-22.1171171171171	0.000262504996216246	0.00176002563719673	0.009508670263288
-22.0820820820821	0.000265975576176726	0.00177606279246153	0.00957135347349545
-22.047047047047	0.000269031681674922	0.00179237492562519	0.00963471469580634
-22.012012012012	0.000272876366123234	0.00180844129345546	0.00969807665038923
-21.976976976977	0.000277012103552837	0.00182415495045007	0.00976128014415222
-21.9419419419419	0.000281866583553176	0.00183962372662527	0.00982526827510026
-21.9069069069069	0.000286517516435952	0.00185517437303059	0.0098898074209859
-21.8718718718719	0.000290810210302488	0.00186979182828532	0.00995521642365222
-21.8368368368368	0.000295652756976448	0.00188447761530998	0.0100210226757883
-21.8018018018018	0.0003005109194409	0.00189941454679561	0.0100873952151273
-21.7667667667668	0.000305137921654754	0.0019145518012936	0.0101540919698443
-21.7317317317317	0.00030954162849285	0.00193030081210672	0.0102213853672745
-21.6966966966967	0.000314100869890886	0.00194625102208287	0.0102905071790493
-21.6616616616617	0.000318974747257609	0.00196167055550017	0.0103604945589906
-21.6266266266266	0.000323496901742714	0.00197714969888523	0.0104311890790314
-21.5915915915916	0.000328177655762761	0.00199253752352164	0.0105027114829751
-21.5565565565566	0.000333283353973212	0.0020085763505558	0.0105753381954133
-21.5215215215215	0.000338358902934407	0.00202487033463254	0.01064796355063
-21.4864864864865	0.000342824122860141	0.00204177433637743	0.0107210157460551
-21.4514514514515	0.000347451593946375	0.00205922183031305	0.0107941268233378
-21.4164164164164	0.000351358235822761	0.00207615222921074	0.0108673154829792
-21.3813813813814	0.000354964057751715	0.00209303004569125	0.0109411275244266
-21.3463463463463	0.000358298957482987	0.00210962888212533	0.0110158635446567
-21.3113113113113	0.000361758143021265	0.00212664068688518	0.0110905148840889
-21.2762762762763	0.000365424620493002	0.00214362708499557	0.0111644783809243
-21.2412412412412	0.000369261007421222	0.00216138628244169	0.0112387516705779
-21.2062062062062	0.000373031370411194	0.00217904290287456	0.0113126029077372
-21.1711711711712	0.000377146891536842	0.00219581188954762	0.0113862872164852
-21.1361361361361	0.000381508474004941	0.00221357763091874	0.0114602634513586
-21.1011011011011	0.000386001373260459	0.00223177411037899	0.0115343584111294
-21.0660660660661	0.000389688757266796	0.00225065733645474	0.0116090637981907
-21.031031031031	0.000391811378145555	0.00226992970638158	0.0116850467229509
-20.995995995996	0.000393309357115159	0.00228969893472759	0.0117614341771458
-20.960960960961	0.000394611950717733	0.00230959236238719	0.0118386140714448
-20.9259259259259	0.000395961500197262	0.00232954299125568	0.0119172255156067
-20.8908908908909	0.000396807707905526	0.00234936795919843	0.0119956931835812
-20.8558558558559	0.000398076120730992	0.00236899715594294	0.0120742369842771
-20.8208208208208	0.000399038643368065	0.00238922574431147	0.0121542568090293
-20.7857857857858	0.000400190754613884	0.0024101320338559	0.0122360170559068
-20.7507507507508	0.000400946369917635	0.00243142120761208	0.012318303121851
-20.7157157157157	0.000401582198299535	0.00245278966229929	0.0124008994410132
-20.6806806806807	0.000401828869951711	0.00247434197529506	0.0124843112810578
-20.6456456456456	0.000402705980324112	0.0024964051681152	0.0125696196931628
-20.6106106106106	0.000403741266202401	0.0025185202426643	0.0126555419521286
-20.5755755755756	0.000403939967608986	0.00254134181386647	0.0127416073265722
-20.5405405405405	0.000404186812877625	0.0025644418065043	0.0128283150965991
-20.5055055055055	0.000404551193210811	0.00258710968348988	0.0129161504415768
-20.4704704704705	0.000405362641961414	0.00260985448500122	0.0130043997342404
-20.4354354354354	0.00040781329548046	0.00263330482914119	0.0130931807197359
-20.4004004004004	0.00041053605800895	0.00265708815945697	0.0131822022899168
-20.3653653653654	0.000414236218555179	0.00268066073631346	0.013270960182066
-20.3303303303303	0.000418091504759811	0.00270408038488284	0.0133609548624264
-20.2952952952953	0.000421913733155934	0.00272824974806812	0.0134511673261787
-20.2602602602603	0.000426284409672124	0.00275276866638132	0.0135417234013389
-20.2252252252252	0.000430520783227862	0.0027775745960803	0.0136322986474278
-20.1901901901902	0.000434505769485884	0.0028028136932801	0.0137229236643675
-20.1551551551552	0.000438607961283273	0.00282867080318742	0.0138146355431835
-20.1201201201201	0.000442631942057716	0.0028544560209559	0.0139074750457073
-20.0850850850851	0.000446148685053901	0.00287995394181696	0.0140008736515905
-20.0500500500501	0.000450050861492571	0.00290556126964086	0.0140945653888836
-20.015015015015	0.000454143415888074	0.00293238427896041	0.0141893171199047
-19.97997997998	0.000458574447814947	0.00295988201401947	0.0142842330297351
-19.9449449449449	0.000463520476327892	0.00298769748320721	0.0143789644676793
-19.9099099099099	0.000468538488291428	0.00301519535559933	0.0144738017633354
-19.8748748748749	0.000474375775528895	0.0030434244573565	0.0145689033362686
-19.8398398398398	0.00048180513891041	0.00307209298171324	0.014664234957907
-19.8048048048048	0.000489217014941403	0.00310010093979424	0.0147598854204951
-19.7697697697698	0.0004957920099065	0.00312814440127211	0.014855855049696
-19.7347347347347	0.000501495711641285	0.00315715055251031	0.0149530762945343
-19.6996996996997	0.000506728347403515	0.00318548249538822	0.0150517029108942
-19.6646646646647	0.000512508035381562	0.00321315813707577	0.015150794726153
-19.6296296296296	0.000517939824690118	0.00324090879199238	0.0152503341281476
-19.5945945945946	0.000523700364225358	0.00326866643529752	0.0153506449696798
-19.5595595595596	0.000528670104576298	0.00329649532269278	0.0154523851244192
-19.5245245245245	0.000533202350104453	0.00332471281533058	0.0155543079540257
-19.4894894894895	0.000538919460497897	0.00335244844263791	0.0156559916973555
-19.4544544544545	0.000543892751690773	0.00337953847387702	0.0157577422732017
-19.4194194194194	0.000549262710124343	0.00340553603037813	0.0158592587632692
-19.3843843843844	0.000554520747661348	0.00343087039410573	0.0159617219117044
-19.3493493493493	0.000560040617017438	0.00345720101104332	0.0160653897317173
-19.3143143143143	0.000565981256395945	0.0034837415453271	0.016170020771021
-19.2792792792793	0.000571466802971174	0.00351145082858607	0.0162755951896944
-19.2442442442442	0.000576196703277647	0.00353913225517865	0.0163827290265793
-19.2092092092092	0.00058116842023802	0.00356760325621129	0.0164906050428619
-19.1741741741742	0.000586773948940632	0.0035968005763519	0.0165989166143942
-19.1391391391391	0.000593259526567167	0.00362620209579167	0.0167081699836324
-19.1041041041041	0.000600022295571974	0.00365557330163558	0.0168185940999896
-19.0690690690691	0.000606974939459942	0.003685958441353	0.0169282899224455
-19.034034034034	0.00061414055890663	0.0037161982139848	0.0170386500910035
-18.998998998999	0.00062196859342689	0.00374560078752694	0.0171497843127718
-18.963963963964	0.000630666905474587	0.00377485665043546	0.0172613972779216
-18.9289289289289	0.000639654307151084	0.00380359830927686	0.0173726493334157
-18.8938938938939	0.000647820245719236	0.00383294521578359	0.0174835625362592
-18.8588588588589	0.000655949673706412	0.00386278048320246	0.0175939495121044
-18.8238238238238	0.000665120039759591	0.00389287198157523	0.0177052188564269
-18.7887887887888	0.000674980190202068	0.00392297160561415	0.017816984498314
-18.7537537537538	0.000684971437550325	0.003952404137461	0.0179293251368389
-18.7187187187187	0.000694992906882403	0.00398241668312906	0.0180423571042121
-18.6836836836837	0.000705351545415077	0.0040126577556826	0.0181561581890918
-18.6486486486486	0.000715701441260076	0.00404328145383552	0.0182699222822525
-18.6136136136136	0.000725555131774276	0.0040745480531885	0.0183838839627074
-18.5785785785786	0.000736376368481559	0.00410684415227688	0.018499890508909
-18.5435435435435	0.000747190028228301	0.00413961785891021	0.0186181178161401
-18.5085085085085	0.000757552355024461	0.00417274032363109	0.0187377298481207
-18.4734734734735	0.000766715753028379	0.00420684970125916	0.0188575078189608
-18.4384384384384	0.000775123894007229	0.00424121460233273	0.0189773046005039
-18.4034034034034	0.000783125141970506	0.00427621992078956	0.0190976519217698
-18.3683683683684	0.000791561749222783	0.00431219885266522	0.0192180106633691
-18.3333333333333	0.000800378227434431	0.00434847693701956	0.0193383690777885
-18.2982982982983	0.000809392862887444	0.00438486767116626	0.0194594239551833
-18.2632632632633	0.000817862328054284	0.00442154624019691	0.0195810235082182
-18.2282282282282	0.000826933880127399	0.00445905087128113	0.0197034759950767
-18.1931931931932	0.000836795160449226	0.00449732063533588	0.0198268909437403
-18.1581581581582	0.000844689030688423	0.00453551951195665	0.0199505022237227
-18.1231231231231	0.000851879767793979	0.00457540883725479	0.0200735597504584
-18.0880880880881	0.000858367292458226	0.00461724173481542	0.0201967863244612
-18.0530530530531	0.000864153065762402	0.00465848790861177	0.0203212007627244
-18.018018018018	0.000868989415306548	0.00469951828027837	0.0204460255354227
-17.982982982983	0.000873723239981271	0.00474166244754087	0.0205709794704848
-17.9479479479479	0.000877730268386383	0.00478401464262561	0.020697451506532
-17.9129129129129	0.000881526364723362	0.00482715316163086	0.0208250670286854
-17.8778778778779	0.000886103891661992	0.0048711396544901	0.020953535777319
-17.8428428428428	0.000889946446451489	0.00491609253121576	0.0210826229524794
-17.8078078078078	0.000892885241673277	0.00496113538871194	0.021213570658121
-17.7727727727728	0.000895731312510112	0.00500693288082641	0.0213444806559527
-17.7377377377377	0.000898887337297194	0.00505205369165011	0.0214752581902672
-17.7027027027027	0.000902690657396708	0.0050977062333888	0.0216072832806182
-17.6676676676677	0.000907810690279008	0.00514469476837185	0.0217401605193411
-17.6326326326326	0.000913362076353405	0.00519135572517249	0.0218730637576869
-17.5975975975976	0.000918703549190504	0.00523786152603385	0.0220065047965708
-17.5625625625626	0.000923679399780608	0.00528527482589659	0.0221405902876418
-17.5275275275275	0.000929666595198703	0.00533249227931473	0.0222755600061987
-17.4924924924925	0.000936377857750603	0.005379202379953	0.0224116127616116
-17.4574574574575	0.000944856403251354	0.00542682509232236	0.0225490042928714
-17.4224224224224	0.000954984252364732	0.00547483638894918	0.02268773534232
-17.3873873873874	0.000965959938031052	0.00552303189264352	0.022828639963408
-17.3523523523524	0.00097928078320538	0.00557194869628008	0.0229708626933235
-17.3173173173173	0.00099188216611687	0.00562136074476414	0.0231133074252207
-17.2822822822823	0.00100313146206782	0.00567095060488862	0.0232571838465779
-17.2472472472472	0.00101354702060993	0.00572000554656411	0.0234007938704103
-17.2122122122122	0.00102290914965201	0.00576911188668333	0.0235453692181819
-17.1771771771772	0.00103185031666704	0.00581952821592038	0.0236912072096014
-17.1421421421421	0.001040239209923	0.00586940412232592	0.0238380038334273
-17.1071071071071	0.00104838345510458	0.00592008021672308	0.0239868186849366
-17.0720720720721	0.00105761842777345	0.00597175295063357	0.0241359067764678
-17.037037037037	0.00106844526086163	0.00602392686436149	0.0242848777565803
-17.002002002002	0.0010791538742782	0.0060772233937484	0.0244353090252785
-16.966966966967	0.00108925557835002	0.00612986232925582	0.0245860654310511
-16.9319319319319	0.0011014470026164	0.00618230648957779	0.0247367526181687
-16.8968968968969	0.0011153758999759	0.00623561702302285	0.0248882764379637
-16.8618618618619	0.00112830121023384	0.00628937840759753	0.025040541320048
-16.8268268268268	0.00114075112332926	0.0063432561649821	0.0251933114770579
-16.7917917917918	0.00115232425704649	0.00639719589868206	0.0253459625607086
-16.7567567567568	0.00116286558276312	0.00645079996527823	0.0254980122591275
-16.7217217217217	0.00117196867189502	0.00650607251387726	0.0256500329235716
-16.6866866866867	0.00118039219179339	0.00656198509275681	0.0258024060511307
-16.6516516516517	0.00118898267507434	0.00661923225977721	0.0259545492480963
-16.6166166166166	0.00119713945114599	0.00667577005535044	0.0261071667706449
-16.5815815815816	0.00120418136794108	0.00673168771523738	0.0262620829528249
-16.5465465465465	0.0012108441176202	0.00678773966445923	0.0264175303369257
-16.5115115115115	0.00121699137859222	0.00684500900085216	0.0265739988279752
-16.4764764764765	0.00122368361650087	0.00690373163644743	0.0267318860430675
-16.4414414414414	0.00123153651101864	0.00696308350148535	0.0268911458885007
-16.4064064064064	0.00124021390188252	0.0070233550226793	0.0270513716994798
-16.3713713713714	0.00124916915175055	0.00708446850684049	0.027212518896827
-16.3363363363363	0.00125799563176158	0.00714564073194209	0.0273745871485135
-16.3013013013013	0.00126666461429429	0.00720739862612991	0.0275378538135296
-16.2662662662663	0.00127571680837424	0.00726964315700225	0.0277021983792734
-16.2312312312312	0.00128520812634187	0.00733274583945286	0.0278683944652846
-16.1961961961962	0.00129596557699797	0.00739768525617993	0.0280360418596495
-16.1611611611612	0.00130974064083911	0.00746380821775839	0.0282031542819448
-16.1261261261261	0.00132462080461647	0.00753037499859909	0.0283720338774878
-16.0910910910911	0.00134135073451795	0.0075977675162961	0.0285416575382461
-16.0560560560561	0.00136203798682319	0.00766553097571348	0.028711777471577
-16.021021021021	0.00138364377971195	0.00773354111240933	0.0288835009205309
-15.985985985986	0.00140299929981555	0.00780341442126543	0.0290578261714789
-15.950950950951	0.00142270125776307	0.00787526315372217	0.0292336820146358
-15.9159159159159	0.00144067176885828	0.00794898290190312	0.0294110250679948
-15.8808808808809	0.00145838041916496	0.00802230621480641	0.0295903024368094
-15.8458458458458	0.00147630490537723	0.00809549884561528	0.0297712309587804
-15.8108108108108	0.00149382501533756	0.00816853575335808	0.0299533491189244
-15.7757757757758	0.00151068784709504	0.0082425270829209	0.0301344961228891
-15.7407407407407	0.00152855328465446	0.00831698394289844	0.0303159278075608
-15.7057057057057	0.00154828331621367	0.00839270067575743	0.0304991442117667
-15.6706706706707	0.00156769563470417	0.0084686796159409	0.0306826598573702
-15.6356356356356	0.0015874318157779	0.00854397799320997	0.0308654364725736
-15.6006006006006	0.00160813381041158	0.00861891214341354	0.0310491835451455
-15.5655655655656	0.00162878050879643	0.00869384236759089	0.0312349072164606
-15.5305305305305	0.00164975255621093	0.00876948788243414	0.0314212861138194
-15.4954954954955	0.00166961980131611	0.00884672165338673	0.0316079558995756
-15.4604604604605	0.00168706188042593	0.00892464071990695	0.0317966907875538
-15.4254254254254	0.00170272869802781	0.00900378744539074	0.0319872527873099
-15.3903903903904	0.00171833436539717	0.00908304330928635	0.0321789741719067
-15.3553553553554	0.00173442073969089	0.00916270558983616	0.0323719250255238
-15.3203203203203	0.0017508625341635	0.00924297403372903	0.0325653936643536
-15.2852852852853	0.00176632127669314	0.00932434801836489	0.032759706812751
-15.2502502502503	0.00178114024328288	0.0094064000255202	0.032955089645586
-15.2152152152152	0.00179571629783333	0.00948830763765372	0.0331514738950124
-15.1801801801802	0.00181071393759999	0.00956947123370778	0.0333481240942374
-15.1451451451451	0.00182616390506581	0.00965118754794701	0.0335446892210978
-15.1101101101101	0.00184197021622174	0.00973441889512718	0.0337422196875317
-15.0750750750751	0.00185779751256045	0.00981860788464507	0.0339398908897738
-15.04004004004	0.00187539864373105	0.00990488978944906	0.0341381793945858
-15.005005005005	0.00189188950744288	0.00999239253197911	0.0343353765362514
-14.96996996997	0.00190785733830845	0.0100787778224314	0.0345336220441774
-14.9349349349349	0.00192361813209798	0.0101639184050804	0.0347329700926251
-14.8998998998999	0.00194157097038818	0.0102518838174493	0.034933625690627
-14.8648648648649	0.00196317127400072	0.0103401526074614	0.0351329883595332
-14.8298298298298	0.00198507729376302	0.0104291508100153	0.0353318076782086
-14.7947947947948	0.00200783263185673	0.010518564796308	0.0355302803058467
-14.7597597597598	0.00203151513359367	0.0106076491371074	0.0357311658908724
-14.7247247247247	0.00205439709248707	0.010696882301641	0.0359336799915278
-14.6896896896897	0.00207683742281967	0.0107855270141735	0.036136878912665
-14.6546546546547	0.00209986099500239	0.0108751231516866	0.0363404813882313
-14.6196196196196	0.0021222293603346	0.0109651577747956	0.0365450900952898
-14.5845845845846	0.00214497260653473	0.011055562401031	0.036750248904204
-14.5495495495495	0.00216845211479012	0.0111464882889489	0.0369549725422214
-14.5145145145145	0.00219089636018988	0.0112373012989811	0.0371596488860917
-14.4794794794795	0.00221042641380944	0.0113292603218058	0.0373653387922925
-14.4444444444444	0.00222782444635201	0.0114216718148652	0.0375704350707126
-14.4094094094094	0.00224730479724388	0.0115147115427336	0.0377756302507672
-14.3743743743744	0.00227080011937918	0.0116080387530881	0.037981916363697
-14.3393393393393	0.00229431895213781	0.0117029326445324	0.0381888359699185
-14.3043043043043	0.002318085604031	0.0117991330251728	0.0383959343880374
-14.2692692692693	0.00234125743952569	0.0118957017027262	0.0386048148067172
-14.2342342342342	0.00236417605372439	0.0119937727617198	0.0388151154692468
-14.1991991991992	0.00238553118242866	0.0120917461302544	0.0390240572216374
-14.1641641641642	0.00240694847457121	0.0121901257773274	0.0392337045556356
-14.1291291291291	0.00242823905075486	0.0122887117599291	0.0394429217792806
-14.0940940940941	0.0024504294857426	0.012386880208554	0.0396514011121566
-14.0590590590591	0.00247209606212068	0.0124846751684334	0.039860231913497
-14.024024024024	0.00249407626992092	0.0125841492764143	0.0400692541034156
-13.988988988989	0.00251738505921252	0.0126841685668144	0.0402801326403254
-13.953953953954	0.002539656725084	0.0127846778106886	0.0404914311702753
-13.9189189189189	0.00256320240642073	0.0128862638315413	0.0407029862971511
-13.8838838838839	0.00258759033830153	0.0129903687862324	0.0409160481345335
-13.8488488488488	0.00261270742949279	0.0130937828016383	0.0411299015586227
-13.8138138138138	0.00263687354520618	0.0131988293875973	0.0413441994999235
-13.7787787787788	0.00266072663016499	0.0133069643852793	0.0415583836267863
-13.7437437437437	0.00268707910149115	0.0134170729141109	0.0417740629120607
-13.7087087087087	0.00271416972426989	0.0135280798513211	0.0419922073133966
-13.6736736736737	0.00274007359795689	0.0136391471968373	0.0422122122358121
-13.6386386386386	0.00276710183426457	0.0137493955764007	0.0424339087248255
-13.6036036036036	0.00279876754968354	0.0138603837988287	0.0426559153671047
-13.5685685685686	0.00283455115696548	0.0139735833873269	0.0428784125678771
-13.5335335335335	0.0028705707992338	0.0140878709623193	0.0431003529113243
-13.4984984984985	0.00290814983837437	0.0142014359263661	0.0433226944534731
-13.4634634634635	0.00294584327821905	0.0143156821027004	0.0435450745178499
-13.4284284284284	0.00298375030028706	0.0144298347264187	0.0437684595916876
-13.3933933933934	0.00302203611849131	0.0145439557607429	0.0439933513799482
-13.3583583583584	0.00306229785062205	0.0146591958464498	0.0442194404824525
-13.3233233233233	0.00310283036461183	0.0147740848115211	0.044445834418079
-13.2882882882883	0.00314156184782275	0.0148903039449599	0.0446721832358665
-13.2532532532533	0.00318087446736843	0.0150089567644104	0.044899449505676
-13.2182182182182	0.00322054543491021	0.0151293207457724	0.0451264888825759
-13.1831831831832	0.00325966026916585	0.0152510440542879	0.045353757011623
-13.1481481481481	0.00329800552405075	0.0153740000425235	0.0455811490307462
-13.1131131131131	0.00333657770353098	0.015499293643859	0.0458089924182601
-13.0780780780781	0.00337807026400657	0.0156280731797307	0.046037495586946
-13.043043043043	0.00341916106583166	0.0157593691861326	0.0462652593992028
-13.008008008008	0.00345671608344966	0.0158920214958038	0.046493334962327
-12.972972972973	0.00349216503446588	0.0160253168834541	0.046721693484468
-12.9379379379379	0.00352493216184127	0.0161590964833787	0.0469510452851537
-12.9029029029029	0.00355710552656525	0.0162973925990744	0.0471823872315632
-12.8678678678679	0.00359065500887486	0.0164375650584906	0.0474158546646544
-12.8328328328328	0.00362470462874846	0.016581562561244	0.0476505732668426
-12.7977977977978	0.00366017968675041	0.0167274647589555	0.0478865944410168
-12.7627627627628	0.00369489836250672	0.0168748362975428	0.0481237135478123
-12.7277277277277	0.00373109349815065	0.0170244771935494	0.0483602364457513
-12.6926926926927	0.00376904939011278	0.0171764135702959	0.0485982613466571
-12.6576576576577	0.00380567069514318	0.0173300346889164	0.0488355861489718
-12.6226226226226	0.00384061246927322	0.0174866806023441	0.049073479191035
-12.5875875875876	0.00387635096205058	0.0176450708173242	0.0493123712369558
-12.5525525525526	0.00391240761998547	0.0178041884963885	0.0495516845425248
-12.5175175175175	0.0039470544449418	0.0179650808085839	0.0497927334933136
-12.4824824824825	0.00398171119780664	0.0181252566712452	0.0500343708701487
-12.4474474474474	0.00401674701377667	0.0182884377678279	0.0502788602029898
-12.4124124124124	0.00405362765257851	0.0184557460671427	0.050523661995531
-12.3773773773774	0.00408759958770581	0.0186252719572506	0.0507682346996292
-12.3423423423423	0.00411980687178141	0.018794134546838	0.051012917631966
-12.3073073073073	0.00415402340745181	0.0189622718628308	0.0512580650204605
-12.2722722722723	0.0041901694753418	0.0191316295916697	0.0515035194316674
-12.2372372372372	0.00422399946687284	0.0193027975068376	0.0517495999688391
-12.2022022022022	0.00425819823064349	0.0194755094663938	0.051996941188697
-12.1671671671672	0.00429312485821698	0.0196502200807801	0.0522462305151145
-12.1321321321321	0.00433089354382566	0.0198267174470566	0.0524960526068353
-12.0970970970971	0.00437117524361659	0.0200019987577847	0.0527464163143832
-12.0620620620621	0.0044140936682071	0.0201777151490577	0.0529969378569827
-12.027027027027	0.00445967987775051	0.0203542770403687	0.053248152081022
-11.991991991992	0.00450330774424391	0.0205321035084673	0.0535004113293074
-11.956956956957	0.00454597440717902	0.020711416008229	0.0537522590197285
-11.9219219219219	0.00459262689659876	0.0208914936847678	0.0540038047283437
-11.8868868868869	0.00464245834378861	0.0210682321593917	0.0542544847997323
-11.8518518518519	0.00469577585420524	0.0212446617999353	0.054506066164436
-11.8168168168168	0.00474857568954377	0.0214208848008225	0.0547584983566722
-11.7817817817818	0.00480224588229006	0.0215977629822486	0.0550114504880709
-11.7467467467467	0.00485576714423869	0.0217774443869033	0.0552626301087726
-11.7117117117117	0.00490738867248013	0.0219596397187799	0.0555119892518182
-11.6766766766767	0.00496024561916573	0.0221415193302492	0.0557602231016137
-11.6416416416416	0.00501503924154169	0.0223250176172197	0.0560078880701786
-11.6066066066066	0.00507122452400889	0.0225122550751681	0.0562559137705408
-11.5715715715716	0.00512928566282287	0.0227017707850914	0.0565036956180214
-11.5365365365365	0.0051854805746162	0.0228920755290315	0.0567519214104268
-11.5015015015015	0.005240725613107	0.0230827313921961	0.0570007453408854
-11.4664664664665	0.00529366864837044	0.0232726590079186	0.0572493690224625
-11.4314314314314	0.00534888286421943	0.0234635513876461	0.0574970693353153
-11.3963963963964	0.00540243349741992	0.0236576604651722	0.057744012282921
-11.3613613613614	0.00545671524102757	0.0238536286516892	0.0579923911584106
-11.3263263263263	0.00550983358439666	0.0240499033149615	0.0582411555343207
-11.2912912912913	0.00556085524979323	0.0242479644729582	0.0584896784387683
-11.2562562562563	0.00561118315830303	0.0244485876575698	0.0587393976855866
-11.2212212212212	0.00566195742125294	0.0246499796928613	0.0589884571863613
-11.1861861861862	0.00571440389303689	0.0248529962945332	0.059238121187315
-11.1511511511512	0.00577162733013792	0.0250545995070598	0.0594879349864684
-11.1161161161161	0.00583251039022691	0.0252563548874097	0.0597375536996651
-11.0810810810811	0.00589463383706685	0.0254618542372504	0.0599862501368159
-11.046046046046	0.00595662486297841	0.0256685213611168	0.0602360414199783
-11.011011011011	0.00601647488051586	0.0258763523480924	0.0604865795401762
-10.975975975976	0.00607552170465589	0.0260845050358751	0.0607353046993965
-10.9409409409409	0.00613087579163712	0.0262946575860345	0.0609818034022328
-10.9059059059059	0.0061847930025149	0.0265073592726146	0.0612268867281858
-10.8708708708709	0.00623984126936285	0.0267231316298675	0.0614715026381132
-10.8358358358358	0.00629796054208918	0.0269413724626656	0.0617136793727266
-10.8008008008008	0.00635652709146115	0.0271630046611466	0.0619551926658134
-10.7657657657658	0.00641743629217534	0.0273853699302433	0.0621964273981881
-10.7307307307307	0.00648059657899341	0.0276121894745095	0.062438041564203
-10.6956956956957	0.00654401305065506	0.0278405283771786	0.0626786706946856
-10.6606606606607	0.00660737281355517	0.0280697850650988	0.0629169018972771
-10.6256256256256	0.00667494711732028	0.0283016869792145	0.0631558015452432
-10.5905905905906	0.00674496108858119	0.0285382310107549	0.0633966758286302
-10.5555555555556	0.0068186164304213	0.0287747066613601	0.0636391701752785
-10.5205205205205	0.0068920396678099	0.0290138490818257	0.063881720895787
-10.4854854854855	0.0069651698575177	0.0292531019575963	0.0641234564688223
-10.4504504504505	0.00703907672990932	0.0294965459000513	0.0643658492175669
-10.4154154154154	0.00711259157684766	0.0297428692384972	0.0646095834497787
-10.3803803803804	0.00719055515329077	0.0299914669497213	0.0648556918313974
-10.3453453453453	0.00727371172941388	0.0302423529601854	0.0651003409595379
-10.3103103103103	0.00735965997158028	0.0304973597557841	0.0653451839593687
-10.2752752752753	0.00744749433320653	0.0307561040538557	0.0655906972708134
-10.2402402402402	0.00753551386943037	0.0310211176970218	0.0658354281022773
-10.2052052052052	0.00762266410238237	0.0312897146238198	0.0660819466698438
-10.1701701701702	0.00771078971073838	0.031558898948493	0.0663295881911906
-10.1351351351351	0.00780350592450177	0.0318253023394061	0.0665768259885601
-10.1001001001001	0.00789654055706083	0.0320927652970941	0.0668221085380189
-10.0650650650651	0.00799384554036898	0.0323606341431233	0.0670649067924268
-10.03003003003	0.00809239246799778	0.0326326610579156	0.0673072969121418
-9.99499499499499	0.00819069313670077	0.0329078934083823	0.067547613448659
-9.95995995995996	0.0082876675552266	0.0331855267049012	0.0677860221075958
-9.92492492492492	0.00838131768394135	0.0334613538564379	0.0680224072019571
-9.88988988988989	0.00847308144597696	0.033739272710797	0.0682570423425962
-9.85485485485485	0.0085704027981463	0.0340187028087174	0.0684908538214142
-9.81981981981982	0.00866975302451235	0.034303031140533	0.0687238059182027
-9.78478478478478	0.00877233084746248	0.0345914979646746	0.0689546996947255
-9.74974974974975	0.00887643742904484	0.0348830154395983	0.069184563116759
-9.71471471471471	0.00897976271662812	0.0351734536809862	0.0694125205044901
-9.67967967967968	0.00908115724361232	0.0354632253408191	0.0696388903497918
-9.64464464464464	0.00917891436779285	0.0357507712451737	0.0698642909124338
-9.60960960960961	0.00927146078088598	0.0360398975493299	0.0700867511136155
-9.57457457457457	0.00936359045151749	0.0363296705572519	0.0703063370853436
-9.53953953953954	0.00945746667586446	0.0366210501788857	0.0705230082256618
-9.5045045045045	0.00954938825421578	0.036912865803934	0.070738024135131
-9.46946946946947	0.00964069633739776	0.0372082308818728	0.0709515079829639
-9.43443443443443	0.00973507397094608	0.037507466445648	0.0711634726063572
-9.3993993993994	0.0098283812957914	0.0378082860690876	0.0713766661365344
-9.36436436436436	0.00992188434706025	0.0381102393688735	0.0715886745250862
-9.32932932932933	0.0100148880151471	0.0384137345720979	0.0718002762846344
-9.29429429429429	0.0101089857870465	0.0387185310470729	0.0720113293031386
-9.25925925925926	0.0102050392289035	0.0390262451519533	0.072221337286536
-9.22422422422422	0.0103066428126449	0.0393382219226595	0.0724279580633665
-9.18918918918919	0.0104102458234231	0.0396512168099557	0.072633797701172
-9.15415415415415	0.01051542913445	0.0399658797281153	0.0728385325025111
-9.11911911911912	0.0106211661414351	0.0402834052605969	0.0730416515253963
-9.08408408408408	0.0107267059719147	0.0406061984766982	0.0732415317288393
-9.04904904904905	0.0108309883175094	0.0409310956316789	0.0734421993566923
-9.01401401401401	0.0109361533412444	0.0412566720587223	0.0736414669421032
-8.97897897897898	0.0110414278632957	0.0415822576811752	0.0738373726806144
-8.94394394394394	0.0111468576364384	0.0419079547556904	0.0740315805174326
-8.90890890890891	0.0112526797709048	0.0422373762517822	0.0742240057119973
-8.87387387387387	0.011366288848493	0.0425711456627097	0.0744146759278795
-8.83883883883884	0.0114878475473206	0.0429074342213941	0.074604308666832
-8.8038038038038	0.0116133919601157	0.0432438463196994	0.0747909502028531
-8.76876876876877	0.0117419767837442	0.0435858525760559	0.0749750031971642
-8.73373373373373	0.0118748816661033	0.0439324298787014	0.0751569136592295
-8.6986986986987	0.0120133937596756	0.0442824194102098	0.0753354359229929
-8.66366366366366	0.0121605531391502	0.0446343743201919	0.0755109426675501
-8.62862862862863	0.012310077304507	0.0449926041005584	0.0756824852313257
-8.59359359359359	0.012457435988619	0.0453571724645466	0.0758509566131859
-8.55855855855856	0.0126087195264478	0.0457264188271783	0.0760162876243212
-8.52352352352352	0.0127638151560017	0.0460961591910611	0.0761777441635993
-8.48848848848849	0.012917352317069	0.0464634704416106	0.0763334761421825
-8.45345345345345	0.0130656773641659	0.0468313185472586	0.0764860004087397
-8.41841841841842	0.0132166829193788	0.0472026827514864	0.0766370873186721
-8.38338338338338	0.0133691007675731	0.0475752766605854	0.0767858796558234
-8.34834834834835	0.0135210386177294	0.0479516538554815	0.0769307718106917
-8.31331331331331	0.0136734486586116	0.0483309539505029	0.0770711181119972
-8.27827827827828	0.0138271029026437	0.0487110485363712	0.0772080028477033
-8.24324324324324	0.0139801663737019	0.0490931109087601	0.0773421474060071
-8.20820820820821	0.0141301784670671	0.0494800333319569	0.0774749139219305
-8.17317317317317	0.0142776532503895	0.0498676972602732	0.077605130623963
-8.13813813813814	0.0144263650688863	0.0502605236897466	0.0777307001428967
-8.1031031031031	0.0145775846974602	0.0506580688080983	0.0778524180462874
-8.06806806806807	0.0147285726627598	0.051055968690079	0.0779729384162774
-8.03303303303303	0.0148779134898639	0.0514550609131789	0.0780908581227764
-7.997997997998	0.0150330097033548	0.0518538443835136	0.0782040963901871
-7.96296296296296	0.0151885165190198	0.0522485683687719	0.0783145773727616
-7.92792792792793	0.0153504442933658	0.052643480980159	0.0784236879536308
-7.89289289289289	0.015512475569414	0.0530413521786526	0.0785315921109557
-7.85785785785786	0.0156775482775347	0.0534446377713564	0.0786360648147621
-7.82282282282282	0.0158430568410181	0.053853301978159	0.0787357342483156
-7.78778778778779	0.0160072533478782	0.0542673000132841	0.0788316971760608
-7.75275275275275	0.0161684740414536	0.0546805272837484	0.0789249314820542
-7.71771771771772	0.0163291333526609	0.0550957452828412	0.0790137164126124
-7.68268268268268	0.0164948885979124	0.0555134659861051	0.0790982947557556
-7.64764764764765	0.0166598573761009	0.0559360633107738	0.0791773636136603
-7.61261261261261	0.0168212487711108	0.0563637765603968	0.0792524668924779
-7.57757757757758	0.0169851587728365	0.0567957703756549	0.0793223610428317
-7.54254254254254	0.0171598806016567	0.057230288346447	0.0793855680185784
-7.5075075075075	0.017338937785288	0.0576684500756907	0.0794428769018619
-7.47247247247247	0.0175155777021582	0.0581040471466745	0.0794971517159228
-7.43743743743743	0.0176929574242481	0.058540916651491	0.079549073002099
-7.4024024024024	0.017873913165567	0.0589812658953953	0.0795953697837391
-7.36736736736736	0.0180646814308312	0.0594236164025338	0.0796360433664538
-7.33233233233233	0.0182630343770042	0.059868144524027	0.0796741332201931
-7.29729729729729	0.0184675596359462	0.0603136993286574	0.0797135418835711
-7.26226226226226	0.0186785740792164	0.0607638201474993	0.0797514333892217
-7.22722722722722	0.0188917005532759	0.0612170899142519	0.079784820679085
-7.19219219219219	0.019104682497658	0.0616746657815312	0.0798124739495634
-7.15715715715715	0.0193156334670517	0.0621387659094241	0.0798361910361156
-7.12212212212212	0.0195308239818978	0.0626047913489831	0.0798539894777748
-7.08708708708708	0.0197487967587475	0.0630764275918891	0.0798696091991339
-7.05205205205205	0.0199728479622082	0.063550982608835	0.0798831429469597
-7.01701701701701	0.0201986044516898	0.064030067326161	0.0798930159244204
-6.98198198198198	0.0204248915324259	0.0645114648394978	0.0798977733243162
-6.94694694694694	0.0206499870629474	0.0649950334202973	0.0798983756011412
-6.91191191191191	0.0208765797879571	0.0654825105402604	0.0798965130710458
-6.87687687687687	0.0211052885326178	0.0659731654930361	0.0798893536560604
-6.84184184184184	0.0213378030546935	0.0664658605149564	0.0798766760901368
-6.8068068068068	0.0215745983899385	0.0669605865578955	0.0798583765628033
-6.77177177177177	0.021817693253276	0.06745764514951	0.0798338426294123
-6.73673673673673	0.0220629971661492	0.0679594087467467	0.0798051945561499
-6.7017017017017	0.0223101273342172	0.0684660777238257	0.0797725250683795
-6.66666666666666	0.0225629863733655	0.0689744821738127	0.079732663924687
-6.63163163163163	0.0228192718627169	0.0694815868685747	0.0796872701364654
-6.59659659659659	0.0230781882063065	0.069992853891174	0.0796357825388425
-6.56156156156156	0.0233417045154032	0.0705109341957384	0.0795772169492819
-6.52652652652652	0.0236067265075445	0.0710341317403649	0.0795125647985578
-6.49149149149149	0.0238727547337982	0.0715583947452377	0.0794427848715289
-6.45645645645645	0.024137135875032	0.0720873507869948	0.0793663008848968
-6.42142142142142	0.0244005499658461	0.0726234526863628	0.079282561276533
-6.38638638638638	0.0246696209485228	0.0731624086555222	0.0791919292655856
-6.35135135135135	0.0249401824312335	0.0737003496753025	0.0790958640627452
-6.31631631631631	0.0252115727556177	0.0742376340387795	0.0789934695446884
-6.28128128128128	0.0254836398865324	0.0747791434081647	0.0788852941280999
-6.24624624624624	0.025761882177531	0.0753222390013458	0.078770534822451
-6.21121121121121	0.0260541538713635	0.0758679703257278	0.0786504378683811
-6.17617617617617	0.0263468709020048	0.0764175479701924	0.0785248693437033
-6.14114114114114	0.0266414022708698	0.0769764903170843	0.0783939041557377
-6.1061061061061	0.0269332519986317	0.0775360620936628	0.0782554293157978
-6.07107107107107	0.0272300774409501	0.0780956115395346	0.0781122815772078
-6.03603603603603	0.027533394362003	0.0786590517514115	0.0779616494471032
-6.001001001001	0.0278419842048887	0.0792236612330994	0.0778050896698282
-5.96596596596596	0.0281573827161556	0.0797933871304116	0.0776420816331107
-5.93093093093093	0.0284676619574323	0.0803687418325393	0.0774749851487908
-5.89589589589589	0.0287780995926309	0.0809420058208923	0.0773012230245324
-5.86086086086086	0.0290954690764205	0.0815129199169552	0.0771211280464208
-5.82582582582582	0.0294201989666803	0.0820865512261843	0.0769355306190105
-5.79079079079079	0.0297547155490484	0.08265937678356	0.0767425197447475
-5.75575575575575	0.0301035199598383	0.0832313755467408	0.076542537562526
-5.72072072072072	0.0304549758782275	0.0838019108558694	0.0763363111201387
-5.68568568568568	0.030807539399122	0.0843702032785182	0.076122058252327
-5.65065065065065	0.0311591801603511	0.0849420144793403	0.075901357623857
-5.61561561561561	0.0315127300545012	0.0855183523208392	0.0756765069757493
-5.58058058058058	0.0318739499321779	0.0860986613444126	0.075444702128384
-5.54554554554554	0.0322433568949612	0.0866800205756374	0.0752062272030972
-5.51051051051051	0.0326208656747345	0.0872608431059785	0.0749601120422239
-5.47547547547547	0.0330003746651616	0.0878429710716747	0.0747076424170747
-5.44044044044044	0.033395382546101	0.0884274706957534	0.0744473150373497
-5.4054054054054	0.033791137357106	0.0890112575473169	0.0741820840798294
-5.37037037037037	0.0341915225414273	0.0895971412749005	0.0739088300380982
-5.33533533533533	0.0346005011111482	0.0901870103140667	0.073627226618717
-5.3003003003003	0.0350197137008686	0.0907745114010194	0.0733399576472132
-5.26526526526526	0.0354491872106692	0.0913598150643485	0.0730470478097538
-5.23023023023023	0.0358848677904506	0.0919468003834655	0.0727453857043522
-5.19519519519519	0.0363263237539629	0.09253668219032	0.0724355073943515
-5.16016016016016	0.0367710847506626	0.0931271662321919	0.0721191601499745
-5.12512512512512	0.0372211226575473	0.093715693290582	0.071794292526876
-5.09009009009009	0.0376761125050826	0.0943052661870665	0.0714639484258968
-5.05505505505505	0.0381332276856028	0.0948906528424033	0.0711285736485888
-5.02002002002002	0.0385979419734819	0.0954758683985006	0.0707853302674773
-4.98498498498498	0.0390648506571989	0.0960631595061899	0.0704347276733364
-4.94994994994995	0.0395375502453168	0.0966461526492654	0.0700791283688223
-4.91491491491491	0.0400212159606804	0.0972259085782383	0.0697166051963463
-4.87987987987988	0.0405081870264985	0.0978007526302479	0.0693467725976449
-4.84484484484484	0.0410055467241282	0.0983789857683111	0.0689698086704556
-4.80980980980981	0.0415047845780408	0.0989587378981416	0.0685851312930758
-4.77477477477477	0.0420110393978744	0.0995335888222739	0.0681938496639066
-4.73973973973974	0.0425245127325	0.100103834120406	0.0677959327962832
-4.7047047047047	0.0430490400355171	0.100670033078688	0.0673914839876309
-4.66966966966967	0.0435794951026857	0.101232059801283	0.0669823128726824
-4.63463463463463	0.0441091267251923	0.101791387646282	0.0665661297596092
-4.5995995995996	0.0446370824382914	0.102349206813198	0.0661440841362723
-4.56456456456456	0.0451777648188375	0.102910289309446	0.0657157984327542
-4.52952952952953	0.0457228303138224	0.103469564971014	0.065280826977188
-4.49449449449449	0.0462684215026979	0.104025224848017	0.064839093070938
-4.45945945945946	0.0468283259823584	0.104570332723208	0.0643904174353984
-4.42442442442442	0.0473941269465682	0.105108615181883	0.063934179479222
-4.38938938938939	0.0479605379583577	0.105643749428948	0.063469973446972
-4.35435435435435	0.0485345688951462	0.10617444898783	0.0629986149335687
-4.31931931931932	0.0491141892482523	0.106701724415894	0.0625213552898576
-4.28428428428428	0.0496988018330312	0.10722228271384	0.0620391373867516
-4.24924924924925	0.0502905191917084	0.107742658058414	0.0615517114512184
-4.21421421421421	0.0508944011757098	0.10826251346607	0.0610601228886054
-4.17917917917918	0.0514941673659884	0.10877709915094	0.0605672271269619
-4.14414414414414	0.0521097863674837	0.109282103649287	0.0600702818679354
-4.10910910910911	0.0527429446064695	0.109787561786655	0.0595685927427766
-4.07407407407407	0.0533790666601056	0.110288596177644	0.0590603616889573
-4.03903903903904	0.0540209314310146	0.110784317213103	0.0585465800487994
-4.004004004004	0.0546794985179439	0.111271124167567	0.0580284562971572
-3.96896896896897	0.0553485456960002	0.111755736482629	0.0575070365381675
-3.93393393393393	0.0560238054533542	0.112237210511394	0.0569833866342934
-3.8988988988989	0.0567140007433918	0.112709660166838	0.0564556422291268
-3.86386386386386	0.0574113196793978	0.113171233101793	0.0559229858179437
-3.82882882882883	0.0581318231426045	0.113627271158505	0.0553870226397758
-3.79379379379379	0.0588681554678379	0.11407700748392	0.0548474951712375
-3.75875875875876	0.0596135008117279	0.11452290565218	0.0543047403994244
-3.72372372372372	0.0603624673952579	0.114963146584917	0.0537583864330498
-3.68868868868869	0.0611173131573681	0.11539029032477	0.0532086920542153
-3.65365365365365	0.0618732010364426	0.115809572401667	0.0526547856624655
-3.61861861861862	0.0626379932172285	0.116218860076798	0.0520973607313033
-3.58358358358358	0.0634149415013717	0.116616947540045	0.0515390537178395
-3.54854854854855	0.0642044132711345	0.11700517318507	0.0509778253329988
-3.51351351351351	0.0650026331430542	0.117374703959426	0.0504142832754664
-3.47847847847848	0.0658194741095124	0.117731143387442	0.0498481474054791
-3.44344344344344	0.0666548134797646	0.118077294593056	0.0492792570519387
-3.40840840840841	0.0675122989186101	0.11841437825056	0.0487066465010282
-3.37337337337337	0.0683812017618691	0.118739825715289	0.0481323687420316
-3.33833833833834	0.069252158106767	0.11905173879111	0.0475563706944174
-3.3033033033033	0.0701379394114818	0.119350608321281	0.046978588906878
-3.26826826826827	0.0710427577507494	0.119633453890976	0.0463992688501234
-3.23323323323323	0.0719687245933402	0.119899797792327	0.0458190836790993
-3.1981981981982	0.0729060163154631	0.120151184736596	0.0452380072943611
-3.16316316316316	0.0738493438972104	0.120386079287159	0.0446559087797042
-3.12812812812813	0.0748056287092082	0.120605755990172	0.0440722189551112
-3.09309309309309	0.0757727694194633	0.120806599496818	0.0434880188716302
-3.05805805805806	0.0767593461683825	0.120990359628209	0.0429032427105502
-3.02302302302302	0.0777628675250887	0.121157707267399	0.0423171415914115
-2.98798798798799	0.0787833059750203	0.12130827956255	0.0417303821487351
-2.95295295295295	0.0798290695988099	0.121443346277605	0.0411446487285131
-2.91791791791792	0.0808963740355969	0.121557612802598	0.0405574964496465
-2.88288288288288	0.0819750600611435	0.121649023828795	0.0399703233811794
-2.84784784784785	0.0830779949589469	0.121715399825839	0.0393848884889643
-2.81281281281281	0.0842092871868042	0.121763131226859	0.0388014649919979
-2.77777777777778	0.0853631209934258	0.121789459730987	0.0382186198097549
-2.74274274274274	0.0865196805803182	0.12179129381023	0.0376370217228421
-2.7077077077077	0.087691249612212	0.121766312455945	0.037057323532305
-2.67267267267267	0.0888942683890185	0.121720116411817	0.0364782418901754
-2.63763763763763	0.0901149966469099	0.121654822103958	0.0359010185532449
-2.6026026026026	0.091348224265398	0.121561295819709	0.0353249899964419
-2.56756756756756	0.092607527184548	0.121444307453651	0.0347498763363636
-2.53253253253253	0.0938921603328143	0.121302517862756	0.0341771711292094
-2.49749749749749	0.0952016373886629	0.121132505240565	0.0336084319385258
-2.46246246246246	0.0965438547524118	0.120933077116931	0.0330431224965239
-2.42742742742742	0.097886298759758	0.120706247816957	0.0324814912031852
-2.39239239239239	0.0992509035078686	0.120453129389222	0.0319225980353772
-2.35735735735735	0.10062876260914	0.120171917954678	0.0313678837786663
-2.32232232232232	0.10201798391247	0.119864000622915	0.0308162089452645
-2.28728728728728	0.103438999271817	0.119530965561654	0.0302686295048139
-2.25225225225225	0.104877832961746	0.119168194666848	0.0297258456137971
-2.21721721721721	0.10634499097005	0.118776835383137	0.0291858096253542
-2.18218218218218	0.107832578159228	0.118353486181422	0.0286495479836716
-2.14714714714714	0.109363197805641	0.11790334352824	0.0281172229745084
-2.11211211211211	0.110948779224881	0.117420337871356	0.0275875543493485
-2.07707707707707	0.112555836702027	0.116911246164503	0.0270616473694001
-2.04204204204204	0.114163803578434	0.116380900128705	0.0265406358300824
-2.007007007007	0.115800857479194	0.115830392485713	0.0260227562548728
-1.97197197197197	0.117454376935705	0.115250302995259	0.0255097972521881
-1.93693693693693	0.119132366066033	0.114644976778858	0.0250026379515947
-1.9019019019019	0.120836274979706	0.114017354913979	0.0245008562206874
-1.86686686686686	0.122560842412403	0.113365915564494	0.0240045736059763
-1.83183183183183	0.124316224684855	0.112684507353819	0.0235142153737485
-1.79679679679679	0.12610564794827	0.111978769053489	0.0230287750343226
-1.76176176176176	0.127925254488492	0.111249931794802	0.0225485153930589
-1.72672672672672	0.129778253941107	0.110498351837511	0.0220727794274194
-1.69169169169169	0.131658325008263	0.109717166809767	0.0216008339652798
-1.65665665665665	0.133579517985866	0.108911035873582	0.0211332415142641
-1.62162162162162	0.135534919071382	0.108079298925642	0.0206707896147435
-1.58658658658658	0.137532345837248	0.107224771761349	0.020214028489579
-1.55155155155155	0.13955483899183	0.106349702945804	0.01976401861074
-1.51651651651651	0.141613296149675	0.105450453288145	0.0193185839579506
-1.48148148148148	0.143701104818198	0.104525170788728	0.018878295924183
-1.44644644644644	0.145816910522708	0.103576144479893	0.0184432814950325
-1.41141141141141	0.147956933542046	0.102603723003515	0.0180143311396142
-1.37637637637637	0.150133586235548	0.101611287722957	0.0175915298469283
-1.34134134134134	0.152350693187108	0.100596022060614	0.017174029256549
-1.3063063063063	0.154589761035537	0.0995591862419568	0.0167617026593017
-1.27127127127127	0.156861464543268	0.0984988133876929	0.0163552276509114
-1.23623623623623	0.159155661600883	0.0974173154073663	0.0159540473516147
-1.2012012012012	0.16146817314151	0.096315312125722	0.0155577700909148
-1.16616616616616	0.163811822139752	0.095194193388917	0.0151680549775388
-1.13113113113113	0.166164132152965	0.0940555358846601	0.0147852566690031
-1.09609609609609	0.168519712037243	0.0928944408216161	0.0144092150598672
-1.06106106106106	0.170887911542442	0.091711222177991	0.0140398034036381
-1.02602602602602	0.173261364345932	0.0905102250174301	0.0136769986367414
-0.990990990990991	0.175636745127208	0.0892890308934259	0.0133202178288451
-0.955955955955954	0.17800931675983	0.088052556693432	0.0129695942115341
-0.920920920920921	0.180393454776119	0.0867974302426806	0.0126245924126959
-0.885885885885884	0.182782241734263	0.0855266393500725	0.0122866994168924
-0.850850850850851	0.185181244090084	0.0842443868792707	0.0119561411037973
-0.815815815815814	0.187612127650523	0.0829504728222593	0.0116333577707979
-0.780780780780781	0.190049149995769	0.0816450137893904	0.0113170836438359
-0.745745745745744	0.192465247581517	0.0803261584444614	0.0110065468778516
-0.71071071071071	0.194873052322419	0.0789934006072973	0.0107018393222626
-0.675675675675674	0.197278597732679	0.0776516980177622	0.0104020782278366
-0.64064064064064	0.199682862816429	0.0762991290636411	0.0101084777775597
-0.605605605605604	0.202067047483561	0.0749381257195999	0.00982080181089864
-0.57057057057057	0.204427455306615	0.0735728900552372	0.00953897591848705
-0.535535535535534	0.20678672515429	0.0721994286038039	0.00926234054092054
-0.5005005005005	0.209143718330049	0.0708214048587495	0.00899102337301819
-0.465465465465464	0.211462838184163	0.0694390260914232	0.00872590221887537
-0.43043043043043	0.213755091090699	0.0680530414476614	0.00846647832627548
-0.395395395395393	0.216013658824998	0.0666638485916458	0.00821225654100073
-0.36036036036036	0.218240808536237	0.0652765075042523	0.00796354178767881
-0.325325325325323	0.220431299894558	0.0638870067889121	0.00772079300145434
-0.29029029029029	0.222585514353228	0.0624978944462591	0.00748320055240734
-0.255255255255253	0.224689132358174	0.0611072507003664	0.00725060016419357
-0.22022022022022	0.226725552168411	0.059715891508438	0.00702336950486434
-0.185185185185183	0.228690510398529	0.0583238614312221	0.00680138860818116
-0.15015015015015	0.230560945380974	0.0569333567578215	0.00658506610573017
-0.115115115115113	0.232338315484186	0.0555510121859143	0.00637389217535534
-0.0800800800800801	0.234007899449998	0.0541736203386959	0.00616848218055383
-0.0450450450450433	0.235555073355221	0.0528058675665959	0.00596809415729718
-0.01001001001001	0.236954217970619	0.0514422191436603	0.00577222900297427
0.0250250250250268	0.238176709843656	0.0500875436751341	0.00558080566028342
0.06006006006006	0.23920734248727	0.0487376872606224	0.00539393519687063
0.0950950950950968	0.240054049541542	0.0473967449631329	0.00521101705323942
0.13013013013013	0.240696931432611	0.0460670518057373	0.00503271783825639
0.165165165165167	0.241110223985984	0.0447535800687593	0.00485942194600372
0.2002002002002	0.241263326330473	0.0434530221242121	0.0046907688470016
0.235235235235237	0.241126240461566	0.0421674254700651	0.00452713562449688
0.27027027027027	0.240704271802715	0.040897678457843	0.00436801167175809
0.305305305305307	0.239978623097999	0.0396471252987766	0.00421320564696826
0.34034034034034	0.238936005901899	0.038413812830839	0.00406336823497239
0.375375375375377	0.237571403626064	0.0371989555424989	0.0039176756503245
0.41041041041041	0.235865288022159	0.0360034725239488	0.00377578742836873
0.445445445445447	0.233814831481714	0.0348297913445427	0.00363788310319278
0.48048048048048	0.231421680118187	0.0336754747435647	0.00350420472658058
0.515515515515517	0.228683344980002	0.032540632395504	0.00337461502542731
0.55055055055055	0.225596254937466	0.031425558858865	0.00324913190793282
0.585585585585587	0.222154902914348	0.0303325073530212	0.00312800871029211
0.62062062062062	0.218381699712342	0.0292647493682602	0.0030102355314163
0.655655655655657	0.214298231382839	0.0282191296105154	0.00289571605291112
0.69069069069069	0.209898363797818	0.0271947396683049	0.00278501938984344
0.725725725725727	0.205196303395478	0.026192658032875	0.00267767094415367
0.76076076076076	0.200219730557275	0.0252145979696002	0.0025742250318661
0.795795795795797	0.195003577455511	0.0242608907652032	0.00247427587578184
0.830830830830831	0.189545305778581	0.0233309055463787	0.00237756066706447
0.865865865865867	0.183868591730445	0.0224251349887412	0.00228440312255681
0.900900900900901	0.177999826594531	0.0215416127683726	0.00219427252069013
0.935935935935937	0.171984186446926	0.0206807646830116	0.00210727105085061
0.970970970970971	0.165842850361138	0.0198437875211418	0.00202284435672497
1.00600600600601	0.15959455567297	0.0190316202528011	0.00194099195253149
1.04104104104104	0.153286904633262	0.0182434339035579	0.00186178724880042
1.07607607607608	0.146954446385483	0.0174779088689123	0.00178559975943714
1.11111111111111	0.140618964911786	0.0167345634838963	0.00171248642544948
1.14614614614615	0.134294622495275	0.0160121010920885	0.00164193365610838
1.18118118118118	0.12801603773263	0.0153142526737275	0.00157382515990991
1.21621621621622	0.121824603329129	0.0146389557639693	0.00150823540640226
1.25125125125125	0.115731333693938	0.0139857031735405	0.00144506861302268
1.28628628628629	0.109748808266578	0.0133540727567382	0.0013844841265215
1.32132132132132	0.103894481172153	0.0127452720739654	0.00132609216766957
1.35635635635636	0.0981711176484247	0.0121614292294859	0.00126973507022273
1.39139139139139	0.0926256431464866	0.0115987269979002	0.00121550919305994
1.42642642642643	0.0872733053595298	0.0110563243523958	0.00116323587366494
1.46146146146146	0.0821209789355872	0.0105340932749417	0.00111261431922681
1.4964964964965	0.0771747183200293	0.0100330702054897	0.00106375861580661
1.53153153153153	0.0724219694584639	0.00955210381771846	0.00101678755702872
1.56656656656657	0.067871429167846	0.00908860043558841	0.000971742073364732
1.6016016016016	0.0635391297760791	0.00864230378086307	0.000928199465670775
1.63663663663664	0.0594245924126532	0.00821485846235185	0.000886113829888417
1.67167167167167	0.0555349899797271	0.00780619019859665	0.000845839888589076
1.70670670670671	0.0518541147299285	0.00741481689886921	0.000807280115241887
1.74174174174174	0.0483725749195532	0.00704138066947735	0.00077042037430836
1.77677677677678	0.0450873641305245	0.00668553139180024	0.000734991825080751
1.81181181181181	0.0419919381641886	0.00634535109629786	0.000700726634471598
1.84684684684685	0.039089220174611	0.00602026730535555	0.000667778680060375
1.88188188188188	0.0363638025623913	0.00571071239660975	0.000636128914296503
1.91691691691692	0.0338130257966278	0.00541582971484895	0.000605824086576693
1.95195195195195	0.0314255108407469	0.00513484267708929	0.000576959760115598
1.98698698698699	0.0291922047910712	0.00486657680408626	0.000549471973197942
2.02202202202202	0.0271063963806407	0.00461094875114785	0.00052313972541953
2.05705705705706	0.0251572981608121	0.00436745834391701	0.000497893983339173
2.09209209209209	0.0233421370915001	0.00413434097873788	0.000473534334117779
2.12712712712713	0.0216525500435371	0.00391237930904764	0.000450090762981745
2.16216216216216	0.0200796368674672	0.00370118854642039	0.000427723484961077
2.1971971971972	0.0186148231418754	0.00350096177875883	0.00040637642159092
2.23223223223223	0.0172531214698987	0.00330935354923208	0.00038610182790315
2.26726726726727	0.0159866175265791	0.00312714440614143	0.000366959204153843
2.3023023023023	0.0148018786579976	0.00295358211658749	0.000348798063289122
2.33733733733734	0.0136976717488577	0.00278827616389826	0.000331497530669743
2.37237237237238	0.0126794818416008	0.00263107561040222	0.000315153244977069
2.40740740740741	0.0117356306240886	0.00248186664997811	0.000299853499148566
2.44244244244244	0.0108577223816511	0.00234018796356736	0.000285319362094626
2.47747747747748	0.0100463501574643	0.00220610212652752	0.000271428183073188
2.51251251251252	0.0092962733914555	0.00208024323134485	0.000258228389143502
2.54754754754755	0.00860348675820179	0.00196067409220532	0.000245608990013768
2.58258258258258	0.00795998950093545	0.00184764587255404	0.000233447837921344
2.61761761761762	0.00736955888681199	0.00174059519692193	0.000221770382841349
2.65265265265266	0.00682252267719229	0.00163912276757055	0.00021075666864296
2.68768768768769	0.00631264861626145	0.0015431183050531	0.000200196103287578
2.72272272272272	0.0058401873693266	0.0014521145386235	0.000190123588957326
2.75775775775776	0.00540388984490236	0.00136672495894711	0.000180411158988479
2.7927927927928	0.0050018097629478	0.001286612302098	0.000171085394207811
2.82782782782783	0.00463009622257494	0.00121192866537944	0.000162302490218063
2.86286286286286	0.00428503231804916	0.00114067430122878	0.000153894567335679
2.8978978978979	0.00396284304586011	0.00107286153820956	0.000145904318286775
2.93293293293294	0.00366174133942473	0.00100863943262072	0.000138337491057855
2.96796796796797	0.00338556397790687	0.000947199017600313	0.000131200626168719
3.003003003003	0.00313516999497176	0.000888727421924356	0.000124529803959386
3.03803803803804	0.00290325671552762	0.000833533068206619	0.000118434134984451
3.07307307307308	0.00268442491203103	0.00078121517603583	0.000112606283982889
3.10810810810811	0.00247972565711232	0.000732096495849428	0.000107195976023904
3.14314314314314	0.00229128156982714	0.000686202652942689	0.000102111896150832
3.17817817817818	0.00211603743010029	0.000643314570212242	9.73009409458841e-05
3.21321321321322	0.00195644061113209	0.000602746575174443	9.26296564651239e-05
3.24824824824825	0.00181099630335834	0.000563806947326118	8.81608255434325e-05
3.28328328328328	0.00167886326559519	0.000527385744369633	8.37174860616846e-05
3.31831831831832	0.00155745220671271	0.000493647553592694	7.94509922665886e-05
3.35335335335336	0.00144579355589111	0.000462157908996019	7.55449070240474e-05
3.38838838838839	0.00134250734875421	0.000432678322780324	7.18502296096351e-05
3.42342342342342	0.00124728841988626	0.000405518355456248	6.83043163067574e-05
3.45845845845846	0.00115849396213731	0.000380131534832684	6.50136341225491e-05
3.4934934934935	0.00107578133596439	0.000356406451112193	6.1933786024429e-05
3.52852852852853	0.000997665677250696	0.000334415325184612	5.90089724921676e-05
3.56356356356356	0.000924224571566285	0.000314177316084773	5.61925582782542e-05
3.5985985985986	0.000856220250914034	0.00029540630794763	5.35091165601346e-05
3.63363363363364	0.000793079551422939	0.000277446312096761	5.08765732688888e-05
3.66866866866867	0.00073486940789798	0.000260352919015883	4.83267266224162e-05
3.7037037037037	0.000681053710435478	0.000244281386844531	4.59135991278103e-05
3.73873873873874	0.00063050602853333	0.00022923710128072	4.35398380193984e-05
3.77377377377378	0.000586173393777237	0.000214812898613741	4.12422694042571e-05
3.80880880880881	0.000545002946400049	0.000200908048235274	3.90585524707874e-05
3.84384384384384	0.000507141939931981	0.000188098055802555	3.689196880761e-05
3.87887887887888	0.000472348427542573	0.000176116414251123	3.48124025860143e-05
3.91391391391392	0.000441589981257498	0.000165087146365712	3.2803427817502e-05
3.94894894894895	0.000413151465165247	0.00015480952663931	3.09836704452543e-05
3.98398398398398	0.000386797598768751	0.000145234061613713	2.93635505495727e-05
4.01901901901902	0.000361186675857554	0.000136250941674046	2.77985011465787e-05
4.05405405405406	0.000336878802596012	0.000127841293354245	2.63450034225547e-05
4.08908908908909	0.000314090846460673	0.000119652583312111	2.49889647777021e-05
4.12412412412412	0.000292959286284307	0.000111910448073289	2.36899197300091e-05
4.15915915915916	0.00027248643903165	0.000104717160623822	2.2416913541723e-05
4.1941941941942	0.000253473265155762	9.80648575668926e-05	2.11833908929851e-05
4.22922922922923	0.000236428447280678	9.16357136103729e-05	2.00633261320492e-05
4.26426426426426	0.000219903141726028	8.56740107467131e-05	1.89664970796756e-05
4.2992992992993	0.00020429832547953	8.02534079432042e-05	1.78905589980012e-05
4.33433433433434	0.000190237637163243	7.51912388821523e-05	1.68324185227569e-05
4.36936936936937	0.000177005447053998	7.07539375785787e-05	1.58317390813601e-05
4.4044044044044	0.000164479590177733	6.65345022293686e-05	1.48742687082007e-05
4.43943943943944	0.000153070408548784	6.26254823842918e-05	1.39478483713828e-05
4.47447447447448	0.00014211259031113	5.90298506547269e-05	1.30219088517109e-05
4.50950950950951	0.00013144881530828	5.54812754051705e-05	1.20944782520208e-05
4.54454454454454	0.000121586904322063	5.2026592714702e-05	1.12641290168104e-05
4.57957957957958	0.00011271193953098	4.89771550587373e-05	1.04832318880391e-05
4.61461461461462	0.000104535691911275	4.62008913430376e-05	9.75942824513622e-06
4.64964964964965	9.71153581482232e-05	4.35426984643206e-05	9.09213940517473e-06
4.68468468468468	9.03763375235619e-05	4.08926958489068e-05	8.52454585598924e-06
4.71971971971972	8.41033408978463e-05	3.8368302159656e-05	8.01012448256638e-06
4.75475475475476	7.80909257157206e-05	3.59205611052196e-05	7.54670919135865e-06
4.78978978978979	7.27299296319677e-05	3.35439807681178e-05	7.07388730436363e-06
4.82482482482482	6.73690017574367e-05	3.1220796199144e-05	6.64921122108464e-06
4.85985985985986	6.23024688358571e-05	2.91432777348582e-05	6.26933448097116e-06
4.8948948948949	5.74974976212264e-05	2.72687757072132e-05	5.92881984273868e-06
4.92992992992993	5.3093998087767e-05	2.54319715964988e-05	5.63441973876515e-06
4.96496496496496	4.96961522183302e-05	2.36014592805022e-05	5.35249597255232e-06
5	4.61110868012709e-05	2.19931906521537e-05	5.07892349105248e-06
