-5	5.10806846428775e-06	0.000135527453268682	0.000867718187397647
-4.99199199199199	5.1120947900941e-06	0.000140069799141292	0.000898295026895311
-4.98398398398398	5.10699176912406e-06	0.000144385694351654	0.000930669022826443
-4.97597597597598	5.09275940137757e-06	0.000149281613182879	0.000964613232160459
-4.96796796796797	5.06939768685468e-06	0.000154522378834235	0.000997494468031891
-4.95995995995996	5.03690662555539e-06	0.00016002895462788	0.00103149249690478
-4.95195195195195	4.99528621747964e-06	0.000165995029095566	0.00106578173621621
-4.94394394394394	4.94453646262752e-06	0.000172149999264404	0.00110134249355526
-4.93593593593594	4.88465736099895e-06	0.000177706009682146	0.00113706450469273
-4.92792792792793	4.81564891259396e-06	0.000183515881674408	0.00117367858780941
-4.91991991991992	4.73751111741253e-06	0.000189489386366333	0.00121355640248663
-4.91191191191191	4.72965851181424e-06	0.000195243157770983	0.00125381573371463
-4.9039039039039	4.78610514636256e-06	0.000201400697045686	0.00129441780383051
-4.8958958958959	4.82885776074626e-06	0.000207139336774841	0.0013351147379604
-4.88788788788789	4.85791635496535e-06	0.000212632444825092	0.00137636003116695
-4.87987987987988	4.87328092901977e-06	0.00021787068277775	0.0014181226523607
-4.87187187187187	4.87495148290958e-06	0.000222766004009935	0.00145968595787155
-4.86386386386386	4.86292801663478e-06	0.000228101364767465	0.0015019461886887
-4.85585585585586	4.83721053019534e-06	0.000233991734606485	0.0015436799497754
-4.84784784784785	4.79779902359126e-06	0.000240191561735598	0.00158477164612443
-4.83983983983984	4.74469349682254e-06	0.000246662181243882	0.00162555080369836
-4.83183183183183	4.67789394988922e-06	0.000253695077263293	0.0016660453357324
-4.82382382382382	4.59740038279125e-06	0.000260618914953737	0.00170778878887146
-4.81581581581582	4.50321279552866e-06	0.000267931935984039	0.00175042509199679
-4.80780780780781	4.39533118810145e-06	0.000275504424582093	0.00179328897918471
-4.7997997997998	4.27375556050959e-06	0.000283814172389514	0.00183840756072515
-4.79179179179179	4.13927022434601e-06	0.000292498766666594	0.00188476921408878
-4.78378378378378	4.14544642566754e-06	0.000301426134226736	0.00193490618540213
-4.77577577577578	4.28013024679301e-06	0.000310419206732312	0.00198787246817882
-4.76776776776777	4.52743086569674e-06	0.000319629726010722	0.00204233303874045
-4.75975975975976	4.79915251474787e-06	0.000328790944896489	0.00209789991086406
-4.75175175175175	5.05261547024619e-06	0.000338384558792723	0.00215689558076513
-4.74374374374374	5.28781973219163e-06	0.000348107609497803	0.00221626452275687
-4.73573573573574	5.50476530058423e-06	0.000357094326156065	0.00227910797922035
-4.72772772772773	5.70345217542404e-06	0.00036655328885757	0.0023448215881885
-4.71971971971972	5.88388035671095e-06	0.000376010173711763	0.00241381174643016
-4.71171171171171	6.04604984444506e-06	0.000385357396000941	0.00248636975574485
-4.7037037037037	6.29894075794603e-06	0.000394469274344963	0.00256227477277886
-4.6956956956957	6.63892262600616e-06	0.000403754225969995	0.00264176871877407
-4.68768768768769	7.04706622446164e-06	0.000414701534037661	0.00272370429276164
-4.67967967967968	7.42782178258776e-06	0.000425890240887029	0.00280751045758663
-4.67167167167167	7.7811893003847e-06	0.000437314295584292	0.00289831071072752
-4.66366366366366	8.11216247670543e-06	0.000449160365014972	0.00299164953563906
-4.65565565565566	8.56577167875802e-06	0.000461295415900382	0.00309021616408504
-4.64764764764765	9.04843321261757e-06	0.000473518741989794	0.00319116025160915
-4.63963963963964	9.75677679683546e-06	0.000485879356518949	0.0032923871552782
-4.63163163163163	1.05846623749868e-05	0.000498526517699462	0.00339469591867523
-4.62362362362362	1.13760305660324e-05	0.000511531724843314	0.00350005764410144
-4.61561561561562	1.21308813699724e-05	0.000524634782210415	0.00360985684510909
-4.60760760760761	1.28492147868066e-05	0.000538827554653186	0.00372315969560738
-4.5995995995996	1.36920384822266e-05	0.000553941922077256	0.0038397220018468
-4.59159159159159	1.49087277574233e-05	0.000569001459400065	0.00395884858109666
-4.58358358358358	1.61165246495695e-05	0.000584460862541292	0.00408240476012323
-4.57557557557558	1.7269545461057e-05	0.000600165473859876	0.00421129566446382
-4.56756756756757	1.8367790191886e-05	0.000616665755200386	0.00434036757836258
-4.55955955955956	1.95148947251794e-05	0.000633792896891293	0.00446958423138104
-4.55155155155155	2.08728972805022e-05	0.000651182701496782	0.00459976496644652
-4.54354354354354	2.25170585450556e-05	0.000670069026230252	0.00473301711420494
-4.53553553553554	2.41367838636411e-05	0.000690600601659291	0.00487298007961094
-4.52752752752753	2.57722357119446e-05	0.000712084493528123	0.00502211438016478
-4.51951951951952	2.73891953633493e-05	0.000735039393837433	0.00517840625113048
-4.51151151151151	2.89239908937664e-05	0.000757465597580335	0.0053428331948058
-4.5035035035035	3.04701628409474e-05	0.000781850581419452	0.00551185175392739
-4.4954954954955	3.21052396993328e-05	0.000806309371483045	0.00568856432021938
-4.48748748748749	3.37852137890958e-05	0.000831422729676781	0.00587174002732316
-4.47947947947948	3.55298433412924e-05	0.000856540868483325	0.00605668708305463
-4.47147147147147	3.72407296677275e-05	0.000882869285033794	0.00624379086511854
-4.46346346346346	3.93166243280081e-05	0.000910944439803613	0.00643491765124801
-4.45545545545546	4.15990053994319e-05	0.000941610393866897	0.00662977691854664
-4.44744744744745	4.40410075589452e-05	0.000973274973814253	0.00682439910253462
-4.43943943943944	4.65889987883873e-05	0.00100583830088512	0.00702530766726244
-4.43143143143143	4.92981633129168e-05	0.00103987182336263	0.00723610227020046
-4.42342342342342	5.20251731430848e-05	0.00107466875405255	0.0074507628180032
-4.41541541541542	5.47885037612366e-05	0.00111009757967712	0.00767037314341779
-4.40740740740741	5.78263594982383e-05	0.00114814964437419	0.0078913268840425
-4.3993993993994	6.08316968124889e-05	0.00118764386227664	0.00811687244876567
-4.39139139139139	6.37606372357423e-05	0.00122823672462509	0.00834888782056844
-4.38338338338338	6.65115553968552e-05	0.00126812702951061	0.0085899392699424
-4.37537537537538	6.90844512958279e-05	0.00130764003751065	0.00883543876345722
-4.36736736736737	7.15174584936635e-05	0.00134867909106673	0.0090882976866749
-4.35935935935936	7.41991866249993e-05	0.00139109639561079	0.00934903851425551
-4.35135135135135	7.70859937871242e-05	0.00143526778390324	0.00961305979362623
-4.34334334334334	7.99487287159739e-05	0.00148223032964127	0.00988420381876451
-4.33533533533534	8.29255861049271e-05	0.0015297973652665	0.0101656086687785
-4.32732732732733	8.60023405453814e-05	0.00157803598260142	0.0104622775043331
-4.31931931931932	8.91081729809984e-05	0.00162724586405205	0.0107659335103405
-4.31131131131131	9.21933744362163e-05	0.00167931480670973	0.0110763343533684
-4.3033033033033	9.51988730721787e-05	0.00173429050445403	0.0113958765547916
-4.2952952952953	9.84490491395471e-05	0.00179195959690719	0.0117262050318104
-4.28728728728729	0.00010190670419353	0.0018518075205995	0.0120613160674312
-4.27927927927928	0.000105256229079416	0.00191345352365414	0.0123978295726034
-4.27127127127127	0.000108623924798265	0.00197783618612001	0.012738073913409
-4.26326326326326	0.000112056958656505	0.00204401017420021	0.0130919879255567
-4.25525525525526	0.000115539508693868	0.00211231022777344	0.013461928090093
-4.24724724724725	0.000118887542733128	0.00218227512129862	0.013839372126536
-4.23923923923924	0.000122261676647548	0.002255872787664	0.0142206617330848
-4.23123123123123	0.000126419882042754	0.0023328612898017	0.0145998400507582
-4.22322322322322	0.000130579672892452	0.00241047578580349	0.0149787778915666
-4.21521521521522	0.000134857149525573	0.00249140538282582	0.0153785393036355
-4.20720720720721	0.000139644085332008	0.00257483650367143	0.0157858361606614
-4.1991991991992	0.000145310955493434	0.00265893253182789	0.0162029666758239
-4.19119119119119	0.000151347868896301	0.00274596119472411	0.0166246244290347
-4.18318318318318	0.00015745686596572	0.00283755453506278	0.0170518689995854
-4.17517517517518	0.000163928408772362	0.00293159386206402	0.0174930525244427
-4.16716716716717	0.000170497952486957	0.00302631720191001	0.0179474450635034
-4.15915915915916	0.000177251810326908	0.0031235531667446	0.018404474832608
-4.15115115115115	0.000183754990286063	0.00322190759227507	0.0188649408623434
-4.14314314314314	0.000190034363002395	0.00332223343674623	0.0193312936330886
-4.13513513513514	0.000196213807996209	0.00342504715913574	0.0198114275476069
-4.12712712712713	0.000202441994239072	0.00352837293007818	0.0203039046729434
-4.11911911911912	0.0002090569658738	0.00363402848503191	0.0208121974001922
-4.11111111111111	0.000215911870893756	0.00374176470813434	0.0213333511656157
-4.1031031031031	0.000223349357767961	0.00385198612289969	0.0218644163430708
-4.0950950950951	0.000230854545681886	0.00396507108505608	0.022412339610759
-4.08708708708709	0.000238736880107198	0.00408212745922376	0.0229752124541962
-4.07907907907908	0.000246561739280065	0.00420019348689364	0.0235503607791717
-4.07107107107107	0.000254062512312969	0.00432183421445293	0.0241295501669639
-4.06306306306306	0.000261580063021101	0.00444689939782355	0.0247206999125843
-4.05505505505506	0.00026872737468697	0.00457396644702958	0.0253190203620991
-4.04704704704705	0.00027586260345644	0.00470642784510408	0.0259255628405676
-4.03903903903904	0.000283591126417078	0.00484363613019465	0.0265419427932678
-4.03103103103103	0.000291701811491971	0.00498496365622098	0.0271693862770959
-4.02302302302302	0.000299707677073376	0.00512845330195187	0.0278098995749985
-4.01501501501502	0.000307920468714485	0.00527561614864704	0.0284680702965589
-4.00700700700701	0.000316284417029447	0.0054246192829536	0.02913112580561
-3.998998998999	0.000325237796740756	0.00557676678334937	0.0298065127660762
-3.99099099099099	0.000334886665490294	0.00573073776364352	0.0304971299692233
-3.98298298298298	0.000344761489970922	0.00588760262109287	0.0312012541364536
-3.97497497497497	0.000355234974841249	0.00604880931015557	0.0319210984433506
-3.96696696696697	0.000366045065872411	0.00621367099886104	0.0326573576630269
-3.95895895895896	0.000377036631611703	0.00638557254443882	0.0334031146329341
-3.95095095095095	0.00038808883043967	0.00655712228579983	0.0341628834146501
-3.94294294294294	0.000399607137759902	0.00672987212805304	0.0349401338043473
-3.93493493493493	0.000411101784577653	0.00690546975041812	0.0357323634919511
-3.92692692692693	0.000422815434365081	0.00708373262506778	0.036551533657894
-3.91891891891892	0.000434404543130433	0.00726759598466209	0.0373881327740805
-3.91091091091091	0.00044721823002284	0.0074592793561675	0.0382330523078198
-3.9029029029029	0.000460363729702579	0.00765727441754097	0.0390998897014671
-3.89489489489489	0.000473765795584471	0.00786170705162758	0.0399899925691295
-3.88688688688689	0.00048778207726439	0.00807384432628934	0.0409049874320892
-3.87887887887888	0.000502530389436795	0.008288315103047	0.0418294937654262
-3.87087087087087	0.000517598529689949	0.00850846469700739	0.0427586027984447
-3.86286286286286	0.000532529604817252	0.00873213209136704	0.0437106041117623
-3.85485485485485	0.000548640170661179	0.00896239342454346	0.0446854636198168
-3.84684684684685	0.000564777506422792	0.00919725819487146	0.0456921683691238
-3.83883883883884	0.00058100788076112	0.00943607744877137	0.0467169055332214
-3.83083083083083	0.000597191938651497	0.00968238096559964	0.0477542283987997
-3.82282282282282	0.000613203576462819	0.00993790069012339	0.0488013500322488
-3.81481481481481	0.000628872729721246	0.0102028966807572	0.049873188480073
-3.80680680680681	0.000645336843328281	0.0104725228677206	0.0509786646391944
-3.7987987987988	0.000662153479763891	0.0107498041730814	0.0521018870624821
-3.79079079079079	0.000679560125964439	0.0110332484571103	0.0532516604084601
-3.78278278278278	0.000697804261043626	0.0113198483793386	0.0544111698615385
-3.77477477477477	0.000717090504773775	0.0116121790451729	0.055590182297363
-3.76676676676677	0.000736656693981632	0.0119103320381548	0.0567903703183159
-3.75875875875876	0.000756194330442009	0.0122168286308481	0.0580233739467639
-3.75075075075075	0.000776047367834629	0.012528394387732	0.0592793734333525
-3.74274274274274	0.000796019946741933	0.0128491078974843	0.0605474312002
-3.73473473473473	0.000816931998870841	0.0131839108051095	0.0618334377436057
-3.72672672672673	0.000837524239308307	0.0135350694327926	0.0631504013868998
-3.71871871871872	0.000858804339685972	0.0138946743959617	0.0644886684238389
-3.71071071071071	0.000880407673800303	0.0142634960252254	0.0658503995910251
-3.7027027027027	0.000901900651306452	0.0146418286368195	0.0672432923838378
-3.69469469469469	0.000923914112516475	0.0150235698149949	0.0686703305544106
-3.68668668668669	0.000946681076772347	0.0154126865651522	0.0701279258730401
-3.67867867867868	0.000970988456877152	0.0158111467624275	0.0715968653363805
-3.67067067067067	0.000995665781795924	0.016216703811032	0.0730822810702864
-3.66266266266266	0.00102149743902818	0.0166301140003167	0.074582861599923
-3.65465465465465	0.00104849500887146	0.0170503436607895	0.0761234973505696
-3.64664664664665	0.00107676676394366	0.0174770034812025	0.0776791517144152
-3.63863863863864	0.00110491485462698	0.0179078364900413	0.079253321746154
-3.63063063063063	0.00113380470124274	0.0183423571440142	0.0808462735964177
-3.62262262262262	0.00116491781279448	0.0187876398143066	0.0824513842746152
-3.61461461461461	0.00119775218577502	0.0192449679732256	0.0840792324666957
-3.60660660660661	0.00123245011607759	0.01971499990598	0.0857283028210126
-3.5985985985986	0.00126860149460852	0.0201991860923878	0.0873975032830166
-3.59059059059059	0.00130545087261927	0.0206982950294794	0.0891039611937604
-3.58258258258258	0.00134314872726081	0.0212082574390122	0.0908258760157689
-3.57457457457457	0.0013812438117689	0.0217299189917993	0.0925548535625422
-3.56656656656657	0.00141995594605508	0.0222682780244378	0.0943048452247602
-3.55855855855856	0.00145907832154198	0.0228138520928813	0.0960791138909531
-3.55055055055055	0.00149935830098552	0.0233694722357913	0.0978601741828567
-3.54254254254254	0.00154182906102192	0.0239320817759403	0.0996684933613475
-3.53453453453453	0.00158528240670593	0.0245031382482098	0.101499389330665
-3.52652652652653	0.00163007627491994	0.0250881291011848	0.103351881814356
-3.51851851851852	0.00167724758097611	0.0256841313082658	0.105242099960724
-3.51051051051051	0.00172659174253392	0.0262990547113515	0.107164105787042
-3.5025025025025	0.00177748639083972	0.0269217168258483	0.1091173479823
-3.49449449449449	0.00182812480212332	0.0275466167099072	0.111089430898557
-3.48648648648649	0.00187966876234618	0.0281813871030393	0.113070898103436
-3.47847847847848	0.0019323030995019	0.0288239385588082	0.115078845139253
-3.47047047047047	0.00198623437139772	0.0294798348277892	0.117094479157502
-3.46246246246246	0.0020426078079409	0.0301481599655024	0.119130307971282
-3.45445445445445	0.00210005334998927	0.030836270824396	0.121188020300398
-3.44644644644645	0.00215882317887809	0.0315341355784867	0.123259986285661
-3.43843843843844	0.00221927050788005	0.0322423516593012	0.125351242424731
-3.43043043043043	0.00228128029663714	0.0329634577008783	0.127464067822805
-3.42242242242242	0.00234492022791326	0.0336908634637733	0.129599582522603
-3.41441441441441	0.00240947218440475	0.0344244707073187	0.13174242429798
-3.40640640640641	0.00247533154802519	0.0351676192115342	0.133917821414678
-3.3983983983984	0.00254189703606728	0.0359250859684749	0.136123470382749
-3.39039039039039	0.00260926750923476	0.0366921400581675	0.13836198067986
-3.38238238238238	0.00267879111204347	0.0374728408542322	0.140622904495673
-3.37437437437437	0.00275299319089368	0.0382685329520796	0.142900640792654
-3.36636636636637	0.00282977517531333	0.039078057934683	0.145188232982599
-3.35835835835836	0.00290698091905602	0.0398974364788819	0.147499752049361
-3.35035035035035	0.00298627690136264	0.0407298991106804	0.14983709404938
-3.34234234234234	0.00306582821589459	0.0415831740742146	0.152204557541092
-3.33433433433433	0.00314715661317585	0.0424514696009868	0.154611622827755
-3.32632632632633	0.00323040421172606	0.04334007481757	0.157057155823684
-3.31831831831832	0.00331783961603175	0.044246083684216	0.159541247917811
-3.31031031031031	0.00340714398340608	0.04516371907709	0.16205236667297
-3.3023023023023	0.00350117983858477	0.0461005480095146	0.164595265559971
-3.29429429429429	0.00359757100345004	0.0470511838597992	0.167168826661747
-3.28628628628629	0.00369695966710447	0.0480303207381458	0.169788206987202
-3.27827827827828	0.00379756950733524	0.0490332580356936	0.172436589006254
-3.27027027027027	0.00389942381829249	0.0500523040660911	0.175088933535718
-3.26226226226226	0.00400471037221146	0.0510950283300287	0.177767179196106
-3.25425425425425	0.00411378363612095	0.0521554697826594	0.180480304992699
-3.24624624624625	0.00422618041964184	0.0532274206910585	0.183236520791218
-3.23823823823824	0.00433986418497528	0.0543168569159796	0.186030522266459
-3.23023023023023	0.00445678933377691	0.0554268234616662	0.188852281157071
-3.22222222222222	0.00457686666317863	0.0565511546864192	0.191707987517227
-3.21421421421421	0.00470029694673257	0.0576916542573856	0.194587433123736
-3.20620620620621	0.00482742970926806	0.0588444254673505	0.197509377199033
-3.1981981981982	0.0049585951617187	0.0600099316020188	0.200449704522783
-3.19019019019019	0.00509125439139595	0.0611935986940173	0.203434637704035
-3.18218218218218	0.00522664537383008	0.0623862565271096	0.206447593123917
-3.17417417417417	0.00536289683087326	0.0635913475116448	0.209496469177843
-3.16616616616617	0.00550257287513547	0.0648181338831477	0.212584178515016
-3.15815815815816	0.00564545849145168	0.0660539411782249	0.215698256173169
-3.15015015015015	0.00578871582389493	0.0673002080909285	0.218833886147473
-3.14214214214214	0.00593370722625899	0.0685731665492252	0.221975123909271
-3.13413413413413	0.00608084415630362	0.0698638561322073	0.225122936692784
-3.12612612612613	0.0062316536988896	0.071176741032252	0.228298519332151
-3.11811811811812	0.00638381912877154	0.072508680562365	0.231474113836466
-3.11011011011011	0.00653745698479837	0.0738533609934133	0.234677800204098
-3.1021021021021	0.0066953137960505	0.075218886373718	0.237922490031397
-3.09409409409409	0.00685791940926813	0.0765968111585161	0.241209476466392
-3.08608608608609	0.00702118363094919	0.0780064471813669	0.244514913349215
-3.07807807807808	0.00718728794951882	0.0794413060969296	0.247819940981004
-3.07007007007007	0.00735971759336574	0.0808977697617464	0.251133637975076
-3.06206206206206	0.00753709170378666	0.0823823608872436	0.254465417148252
-3.05405405405405	0.00772099458017125	0.0838953675426591	0.257841924672706
-3.04604604604605	0.00790939874165205	0.0854268615170845	0.261240454373113
-3.03803803803804	0.00810087794471424	0.0869723371234767	0.264669559319385
-3.03003003003003	0.00829679613654571	0.0885304355068394	0.268111714204099
-3.02202202202202	0.00849469085403996	0.0901233952732968	0.271561060575307
-3.01401401401401	0.00869664612807467	0.0917494709566032	0.275011025386739
-3.00600600600601	0.00890257789085739	0.0934030540033597	0.278448220516071
-2.997997997998	0.009112935263875	0.0950808133555862	0.281912950905805
-2.98998998998999	0.00932911461855215	0.0967738953209513	0.285399110136075
-2.98198198198198	0.00955162165123821	0.0984974387578441	0.288888442568886
-2.97397397397397	0.00977865640546224	0.100247891744872	0.292387720444426
-2.96596596596597	0.0100111217975061	0.102017686522408	0.295904685601501
-2.95795795795796	0.0102510372864026	0.103812705774925	0.29939788779739
-2.94994994994995	0.0104956609800139	0.105644791598392	0.302902700782625
-2.94194194194194	0.010740079412966	0.107494433766985	0.306399531842738
-2.93393393393393	0.0109918919280559	0.109367044479876	0.309887902043232
-2.92592592592593	0.0112475552539671	0.11125188865677	0.313402232578051
-2.91791791791792	0.0115080259400189	0.113159064119306	0.316930981164462
-2.90990990990991	0.0117742393614791	0.115091143315978	0.320488125239156
-2.9019019019019	0.0120442392037801	0.117039359239166	0.324045474471882
-2.89389389389389	0.0123166273803031	0.119013696449102	0.327614086721314
-2.88588588588589	0.0125942995184512	0.121016232619586	0.331200902957265
-2.87787787787788	0.0128781272043533	0.123062045710554	0.334801075722925
-2.86986986986987	0.0131683393407912	0.125136041057487	0.338411975889
-2.86186186186186	0.0134606366175841	0.127235205904761	0.341998997875685
-2.85385385385385	0.0137564739506714	0.129361042866496	0.345589772271748
-2.84584584584585	0.0140582196637018	0.131502106977171	0.349167345570118
-2.83783783783784	0.0143644225440492	0.133678713607556	0.352742679146624
-2.82982982982983	0.0146777558880289	0.135898453174334	0.356329620946695
-2.82182182182182	0.0150003954186705	0.138137999719607	0.359888494971585
-2.81381381381381	0.0153299731375998	0.140398081472656	0.363451892881674
-2.80580580580581	0.0156643680041908	0.142698485109262	0.366990430416091
-2.7977977977978	0.0160086874380269	0.145016110489776	0.370540964063056
-2.78978978978979	0.0163606213155886	0.147359796149033	0.374069608177041
-2.78178178178178	0.0167197442118434	0.149737017071031	0.377591407950619
-2.77377377377377	0.0170827701122981	0.152129651895913	0.381118789905716
-2.76576576576577	0.0174526303067843	0.154531523244294	0.384662671234839
-2.75775775775776	0.0178331478145203	0.156955537160875	0.38821213152841
-2.74974974974975	0.0182244239609363	0.159418776430202	0.391780135047704
-2.74174174174174	0.0186221126823265	0.161913488032734	0.395348819355989
-2.73373373373373	0.0190280306311129	0.16442429629072	0.398897089777462
-2.72572572572573	0.0194423314926726	0.166950050532015	0.402393712564382
-2.71771771771772	0.01986289242358	0.169484932933577	0.405882711955485
-2.70970970970971	0.020294702775907	0.172048333746016	0.40932788220916
-2.7017017017017	0.0207371522143037	0.174632039412388	0.412732895801184
-2.69369369369369	0.0211879801019458	0.177239419424018	0.416155999821849
-2.68568568568569	0.0216441731556321	0.179870296218662	0.419564229966192
-2.67767767767768	0.0221092170216371	0.182518112541699	0.422953613337007
-2.66966966966967	0.0225845336705968	0.185179526512889	0.426318264205859
-2.66166166166166	0.0230692138584208	0.18785824167858	0.429638068817386
-2.65365365365365	0.0235658473943744	0.190548729615297	0.432945623036029
-2.64564564564565	0.0240743849058871	0.193248254612685	0.436250109552811
-2.63763763763764	0.02459053478818	0.195981438838381	0.439525836684046
-2.62962962962963	0.0251166514902569	0.198743390751077	0.442777383697694
-2.62162162162162	0.0256508355419983	0.201518628435923	0.446016518321485
-2.61361361361361	0.0261966377928581	0.204303556367944	0.44923973951922
-2.60560560560561	0.0267494102476401	0.2071195567474	0.452422887189597
-2.5975975975976	0.0273137332305094	0.209965526961989	0.455601132038781
-2.58958958958959	0.02788659240379	0.21283612593467	0.458788213879007
-2.58158158158158	0.0284649124580609	0.215709098136997	0.461933273820747
-2.57357357357357	0.029050191635941	0.218593234819164	0.465044967174649
-2.56556556556557	0.0296407940076096	0.221499886211236	0.468141732909026
-2.55755755755756	0.030235994835429	0.224422699779955	0.471213972950561
-2.54954954954955	0.0308388840152287	0.227365171786581	0.47423847307781
-2.54154154154154	0.0314488693174804	0.230315587673929	0.477261955024984
-2.53353353353353	0.0320678660749416	0.233279230799946	0.48025051909721
-2.52552552552553	0.0326974550985444	0.236259951955491	0.483173918127935
-2.51751751751752	0.0333423631657048	0.239257779947606	0.486057146459087
-2.50950950950951	0.033996692922066	0.242264029111803	0.488896755760567
-2.5015015015015	0.0346636976805283	0.245282172822138	0.491738432480211
-2.49349349349349	0.0353424686477494	0.248318065233796	0.494538029308432
-2.48548548548549	0.0360330771134597	0.251364249938496	0.497315662710592
-2.47747747747748	0.0367379207024147	0.254402643943069	0.500072906061465
-2.46946946946947	0.0374554357030054	0.257436445443272	0.502792900325292
-2.46146146146146	0.0381863796575346	0.260465594826285	0.505483073063496
-2.45345345345345	0.0389335293357953	0.263481333911923	0.50809747103015
-2.44544544544545	0.0396938025799602	0.266501619877241	0.510643109394587
-2.43743743743744	0.0404658960125734	0.269516510304895	0.513135153268362
-2.42942942942943	0.0412537640806482	0.272564191787622	0.515601667533437
-2.42142142142142	0.0420573139241942	0.275629780795543	0.51802698832416
-2.41341341341341	0.0428677501818386	0.278712974403142	0.520380024462826
-2.40540540540541	0.0436922210700168	0.281815760488608	0.522698460832564
-2.3973973973974	0.0445315031420985	0.284929559090214	0.524935757369725
-2.38938938938939	0.045383757117882	0.288053541798445	0.527106428374226
-2.38138138138138	0.0462522511098358	0.291200888146347	0.529191783191914
-2.37337337337337	0.0471320890653714	0.294371922497179	0.531187563338482
-2.36536536536537	0.0480218586413981	0.297541901107297	0.533094908117492
-2.35735735735736	0.0489215617110765	0.300715554353131	0.534935083473661
-2.34934934934935	0.0498369955440772	0.303912036613746	0.536737249928725
-2.34134134134134	0.0507685920175033	0.307090959841366	0.538482686184453
-2.33333333333333	0.0517142200366006	0.310258252550592	0.540151531715464
-2.32532532532533	0.0526665327070489	0.313421728881698	0.541730910096421
-2.31731731731732	0.0536318414981151	0.316576623490446	0.54323941057774
-2.30930930930931	0.0546125949380906	0.319705115261164	0.544649042463259
-2.3013013013013	0.0556100364210085	0.32283165310149	0.546019313667804
-2.29329329329329	0.0566216388736681	0.325973802394721	0.547323397177737
-2.28528528528529	0.05764492981439	0.329126469920039	0.548602089904158
-2.27727727727728	0.0586890513174832	0.332275892111321	0.549805011586778
-2.26926926926927	0.0597507289565539	0.335398332476791	0.550920332197458
-2.26126126126126	0.0608222447350763	0.33851931480317	0.551926521991639
-2.25325325325325	0.0619122193489641	0.34165022619847	0.552803330705547
-2.24524524524525	0.0630164770465066	0.344791764517604	0.553626022355078
-2.23723723723724	0.0641422558476541	0.347936808853543	0.554375110055678
-2.22922922922923	0.0652835586613719	0.351076307531954	0.555028950419267
-2.22122122122122	0.0664368400727873	0.354204669746567	0.555606366540368
-2.21321321321321	0.0675993436731482	0.357325818351467	0.556114608264955
-2.20520520520521	0.0687746864048908	0.360432020641306	0.556558931767256
-2.1971971971972	0.0699750333226294	0.363521714834723	0.556908786769488
-2.18918918918919	0.0711885276900848	0.366608880330507	0.557199741927195
-2.18118118118118	0.0724219999520529	0.369694489968726	0.557424448936269
-2.17317317317317	0.0736724704195902	0.372735716748135	0.557566933869271
-2.16516516516517	0.0749429063736482	0.375765925213428	0.557660005006074
-2.15715715715716	0.0762339688090539	0.37880086342506	0.557680830977522
-2.14914914914915	0.0775439133275855	0.381843082320792	0.557601229213322
-2.14114114114114	0.0788679567832658	0.384878661706992	0.557455510079635
-2.13313313313313	0.0802013321280391	0.387911786517521	0.557282551451233
-2.12512512512513	0.0815517740437718	0.39092838792041	0.557053154180997
-2.11711711711712	0.0829216723439705	0.393944390457931	0.556743437485678
-2.10910910910911	0.0843057802021688	0.396964247743219	0.556354295982202
-2.1011011011011	0.0857142756814376	0.399991854819004	0.555879659750212
-2.09309309309309	0.0871407889569205	0.403013406340433	0.555351827209558
-2.08508508508509	0.0885884302397269	0.40599564972167	0.554766789411794
-2.07707707707708	0.0900554360581443	0.408972846455826	0.554090109913857
-2.06906906906907	0.0915358167010706	0.411918149394072	0.55334174490717
-2.06106106106106	0.0930337582344011	0.41485139935255	0.552526388294409
-2.05305305305305	0.0945539025115102	0.417750714904522	0.551634497355715
-2.04504504504505	0.0960914161650545	0.420618388967432	0.550643913954935
-2.03703703703704	0.0976387505368143	0.42346771587081	0.54958145235703
-2.02902902902903	0.0992012741652957	0.426290197981901	0.548458757348732
-2.02102102102102	0.100775455280596	0.429068602355224	0.547279344900206
-2.01301301301301	0.102357291575372	0.431792306769863	0.546030489887834
-2.00500500500501	0.103940510279154	0.434463103180472	0.544721472425379
-1.996996996997	0.105532587511175	0.437081724854919	0.543378576411735
-1.98898898898899	0.107137377029324	0.439642216353347	0.541952151773441
-1.98098098098098	0.108755568592453	0.442180154745815	0.540444476064189
-1.97297297297297	0.110390176594507	0.444691853269658	0.538832083414336
-1.96496496496496	0.112043992310849	0.447176092174352	0.537089535627578
-1.95695695695696	0.113715318262313	0.449627816224624	0.535247123690923
-1.94894894894895	0.115398786704982	0.452038764994807	0.533377262614965
-1.94094094094094	0.117092888911663	0.454418036780557	0.531449840462018
-1.93293293293293	0.118799624001962	0.456777867781837	0.529417787488702
-1.92492492492492	0.120524572999042	0.459093905377786	0.527263883889431
-1.91691691691692	0.122270994894811	0.461373333438501	0.525031535284325
-1.90890890890891	0.124041416199303	0.463601858850394	0.522708012817358
-1.9009009009009	0.125844081266942	0.465794941298762	0.52029090625643
-1.89289289289289	0.127664181757973	0.467957890693561	0.517810778136751
-1.88488488488488	0.12949986923354	0.470049597064129	0.515284032170366
-1.87687687687688	0.13135576880488	0.472082736232292	0.512709438335598
-1.86886886886887	0.133232217633045	0.474078834135361	0.510051201927939
-1.86086086086086	0.135119259349757	0.476014627981084	0.507319635474077
-1.85285285285285	0.137022277562942	0.477908223529604	0.504458839255373
-1.84484484484484	0.138952806038023	0.479754306842497	0.501488872118466
-1.83683683683684	0.140895765850386	0.481582228226227	0.498461065841085
-1.82882882882883	0.142850023316817	0.483395514787218	0.495396651979517
-1.82082082082082	0.144822381036969	0.485141191336869	0.492276242105729
-1.81281281281281	0.146809331469804	0.486818161557601	0.489087066335018
-1.8048048048048	0.148805547399828	0.488435088624658	0.485862386304807
-1.7967967967968	0.150818074568528	0.490001850747747	0.482605212746743
-1.78878878878879	0.15285147733229	0.491530340197715	0.479275771286621
-1.78078078078078	0.15490401052036	0.493001102956052	0.475879671376499
-1.77277277277277	0.156967412010614	0.494416416698834	0.472419066175947
-1.76476476476476	0.159050384700845	0.495785005764733	0.468921514358461
-1.75675675675676	0.161151822240589	0.497088234013008	0.465401498400713
-1.74874874874875	0.163270314595123	0.498316469210277	0.461819018258835
-1.74074074074074	0.165408708585369	0.499494969674678	0.458162365691975
-1.73273273273273	0.167550993798044	0.500621221337502	0.454499240595929
-1.72472472472472	0.169713655129622	0.501654938600683	0.450815765677102
-1.71671671671672	0.171899672588808	0.502620294976792	0.44708669413995
-1.70870870870871	0.174112895197715	0.503526489505343	0.443318011677439
-1.7007007007007	0.176337959917081	0.504392364260064	0.439498850609051
-1.69269269269269	0.17856436537904	0.505199096683312	0.435644565024051
-1.68468468468468	0.180811772082366	0.505930487352453	0.431773114284858
-1.67667667667668	0.183082969385367	0.50657709510205	0.427885409448222
-1.66866866866867	0.185372552944812	0.507158461409251	0.423966799306133
-1.66066066066066	0.187684018162879	0.507678260121798	0.420042685335777
-1.65265265265265	0.190004568829943	0.508168387504164	0.416099832331661
-1.64464464464464	0.192351612294654	0.50859757595453	0.412123007737952
-1.63663663663664	0.194719247316654	0.508944090880587	0.408118935359361
-1.62862862862863	0.197111717562522	0.509227757125051	0.404111866089194
-1.62062062062062	0.199526343438342	0.50944215129119	0.400080980294296
-1.61261261261261	0.201966740809439	0.509572223445414	0.396000407898193
-1.6046046046046	0.204423190175935	0.509632216834035	0.391919416892418
-1.5965965965966	0.206893153155544	0.509616340859953	0.387861385975262
-1.58858858858859	0.209378558046529	0.509525453265296	0.383814586327436
-1.58058058058058	0.211876586844996	0.509368177202829	0.379767282122431
-1.57257257257257	0.214392641386608	0.509119932421556	0.375725480803956
-1.56456456456456	0.216920054683181	0.508780429653706	0.371660205419926
-1.55655655655656	0.219449929984998	0.508397096348475	0.36757633791903
-1.54854854854855	0.222000670670204	0.507950587784263	0.363512160240191
-1.54054054054054	0.224571305208452	0.50743791582407	0.359477024215668
-1.53253253253253	0.227156522403501	0.506873492219446	0.355459474546518
-1.52452452452452	0.229759523394815	0.506233733300542	0.351430918323933
-1.51651651651652	0.232369867448879	0.505535350442181	0.347406479116722
-1.50850850850851	0.23497055849156	0.504774175120348	0.343407186092095
-1.5005005005005	0.237585391768919	0.503904241535376	0.339423588922207
-1.49249249249249	0.240213696986944	0.50295754207645	0.335424668568196
-1.48448448448448	0.24284566912164	0.501965434436343	0.331420485356684
-1.47647647647648	0.245487879643917	0.500891102037402	0.327434134858358
-1.46846846846847	0.248139269152511	0.499761388767095	0.323487883635703
-1.46046046046046	0.250791789033578	0.498567440205585	0.319552479578074
-1.45245245245245	0.253442473901063	0.497302751702039	0.315653210757194
-1.44444444444444	0.256093440240156	0.495958476646576	0.311753219737068
-1.43643643643644	0.258754695119079	0.494557362791231	0.307832369053948
-1.42842842842843	0.261418710374916	0.493083836636495	0.303951623537236
-1.42042042042042	0.264103407799692	0.491557210183243	0.300080010046575
-1.41241241241241	0.266795720503775	0.489972635935329	0.296218109582227
-1.4044044044044	0.269481856602001	0.488332461935474	0.292360116972855
-1.3963963963964	0.272169822200772	0.486650452271852	0.288565309817794
-1.38838838838839	0.274855041341305	0.484919518767613	0.284801249467919
-1.38038038038038	0.277533935099286	0.483161690916829	0.281060741408007
-1.37237237237237	0.280216869559635	0.481342277695471	0.277360469233287
-1.36436436436436	0.282911197164264	0.479470417322041	0.273671671831702
-1.35635635635636	0.285594904420275	0.477528631725471	0.270015146870777
-1.34834834834835	0.288283144623015	0.475519891752193	0.266388444001983
-1.34034034034034	0.290976827773868	0.473450551402855	0.262767863777682
-1.33233233233233	0.293675855386249	0.471335237471255	0.259160355221236
-1.32432432432432	0.296375681823721	0.469177415464807	0.255606541458122
-1.31631631631632	0.299071053447733	0.466988276476906	0.252056953836458
-1.30830830830831	0.301748576776663	0.464765062579015	0.24850749149107
-1.3003003003003	0.304427983980834	0.462487586948455	0.244981244913343
-1.29229229229229	0.30711609128801	0.460163203764763	0.24146919932901
-1.28428428428428	0.309786211633418	0.457795235852903	0.237975649484785
-1.27627627627628	0.312460305098691	0.45536364309626	0.234513888372557
-1.26826826826827	0.315146011298243	0.452888537012967	0.231094680054205
-1.26026026026026	0.317814975128758	0.45038144508769	0.227728380466894
-1.25225225225225	0.32046707046175	0.44783275123469	0.224402873066489
-1.24424424424424	0.32310348049539	0.44524957329361	0.221118410006648
-1.23623623623624	0.325741266173184	0.442637344632896	0.217862096388865
-1.22822822822823	0.328360660988217	0.439982671401175	0.214639847413184
-1.22022022022022	0.33096677987155	0.437276359257363	0.211433715590209
-1.21221221221221	0.333552024773794	0.43452023077263	0.208236465051735
-1.2042042042042	0.336116241385599	0.431749053955945	0.205042700528481
-1.1961961961962	0.338662037334501	0.428952888830372	0.201883511174344
-1.18818818818819	0.341191279727958	0.426113371709581	0.198767598775149
-1.18018018018018	0.343705016576959	0.423239013688941	0.195689004210002
-1.17217217217217	0.346205614274613	0.420330305204151	0.192626401114229
-1.16416416416416	0.34870075103459	0.417394874697423	0.189606459207631
-1.15615615615616	0.35118503642313	0.414445735641078	0.186621086596708
-1.14814814814815	0.353648063177121	0.411460957090967	0.183663249975108
-1.14014014014014	0.356075817368713	0.408453896748397	0.180722790246128
-1.13213213213213	0.3584780328625	0.405415767223447	0.177805665647818
-1.12412412412412	0.360864381996798	0.402341898067118	0.174943961447132
-1.11611611611612	0.363237393895072	0.399252223033994	0.172116798306362
-1.10810810810811	0.365608486418388	0.396160493578923	0.169328074287252
-1.1001001001001	0.367965899571259	0.393076420923427	0.166583843147563
-1.09209209209209	0.370306518726723	0.390005635553388	0.163879295549366
-1.08408408408408	0.37261955130387	0.386925015454776	0.161204940943948
-1.07607607607608	0.374910142847491	0.383834576278456	0.158567193923161
-1.06806806806807	0.377185001193941	0.380732368585614	0.155980246424504
-1.06006006006006	0.379435423885538	0.377643493804604	0.153461120919669
-1.05205205205205	0.381648481882234	0.374529500155707	0.15098857795918
-1.04404404404404	0.383842739166531	0.371408554497725	0.148565079035456
-1.03603603603604	0.386012177258672	0.368304022067738	0.146174123474939
-1.02802802802803	0.388162703525541	0.365200570890745	0.143801388582275
-1.02002002002002	0.390286692539387	0.362130560298287	0.141468313468281
-1.01201201201201	0.392378124970822	0.359090814817906	0.139165779585172
-1.004004004004	0.394419533353065	0.35604939347403	0.136898633427754
-0.995995995995996	0.396427111196015	0.352975011339146	0.134670463783366
-0.987987987987988	0.398401694949706	0.34990953303258	0.132488110050914
-0.97997997997998	0.400321036991655	0.346857805184105	0.130346866815337
-0.971971971971972	0.402191730484018	0.343814481324957	0.128238248017943
-0.963963963963964	0.404014987122744	0.340792236966399	0.126164581871652
-0.955955955955956	0.405762865494928	0.337758145239857	0.124120464131256
-0.947947947947948	0.407463489389863	0.334733998416699	0.122107389680284
-0.93993993993994	0.409125700177246	0.331718940585353	0.120124435762939
-0.931931931931932	0.410748881156872	0.328719497175595	0.118167651774352
-0.923923923923924	0.412316675611714	0.325732458075567	0.116234816785019
-0.915915915915916	0.413839324404478	0.322766897773924	0.114332843411092
-0.907907907907908	0.415303263537882	0.319825378787282	0.112454982416409
-0.8998998998999	0.416716748469532	0.316903599556019	0.110601145239533
-0.891891891891892	0.418056852946801	0.313988240443339	0.108783503096847
-0.883883883883884	0.419346761460735	0.311084537955596	0.106987150975803
-0.875875875875876	0.420588394550836	0.308192652712697	0.105204115257262
-0.867867867867868	0.421803940473728	0.305318347095563	0.103447224374089
-0.85985985985986	0.42296664951968	0.302463326655823	0.101727030646972
-0.851851851851852	0.424066718560587	0.299636221024958	0.100022596904521
-0.843843843843844	0.425115299713206	0.296825018890777	0.098346589848912
-0.835835835835836	0.426099378706081	0.294027085011133	0.0967083197190311
-0.827827827827828	0.427012643462067	0.291257599362633	0.0951159959197647
-0.81981981981982	0.427880933282727	0.288493953919632	0.0935547152068814
-0.811811811811812	0.428697750481477	0.285746737415484	0.0920095488772523
-0.803803803803804	0.429419825037538	0.28303100218857	0.0904805176765418
-0.795795795795796	0.430074944427099	0.280323771333587	0.0889644518766021
-0.787787787787788	0.430663964524724	0.277620372950359	0.0874675848133317
-0.77977977977978	0.431192304912744	0.274932229971754	0.0859951477232871
-0.771771771771772	0.431647788746927	0.272269666021854	0.0845411751331166
-0.763763763763764	0.43203387953815	0.269613546478241	0.0830885661399912
-0.755755755755755	0.432338711700489	0.26699368265259	0.0816625059873725
-0.747747747747748	0.432581154098114	0.264388442734121	0.0802573468877512
-0.73973973973974	0.432755329520323	0.261797242212206	0.0788620303605716
-0.731731731731732	0.432835472193484	0.259222097234345	0.0774759953234877
-0.723723723723724	0.432866556693994	0.256656716074919	0.0761073314795304
-0.715715715715715	0.432837309725557	0.254114968081863	0.0747751471833145
-0.707707707707708	0.432719382420641	0.25159982612066	0.0734603461195727
-0.6996996996997	0.432524645432551	0.249114495758221	0.072162199894251
-0.691691691691692	0.43227168894152	0.246640636645837	0.0708750603395777
-0.683683683683684	0.431969107335678	0.24418913989873	0.0696141365203612
-0.675675675675675	0.431591009309892	0.241756833320931	0.0683755980377552
-0.667667667667668	0.431160361276055	0.239350737729222	0.0671655460454203
-0.65965965965966	0.430659438275061	0.236973611941429	0.0659702609969475
-0.651651651651652	0.430082493865208	0.234604944144747	0.0647997822276613
-0.643643643643644	0.429433136467024	0.232267636711603	0.0636326408745052
-0.635635635635635	0.428704393513816	0.229953491544829	0.0624836695929267
-0.627627627627628	0.427926359520439	0.227655563700261	0.0613549984283165
-0.61961961961962	0.427095225606313	0.225373924832127	0.0602319842335495
-0.611611611611612	0.426211311721313	0.223129708275398	0.059126217897613
-0.603603603603603	0.425266923992379	0.220904408697691	0.0580487337025233
-0.595595595595595	0.424267010563915	0.218699201348696	0.0569917442414445
-0.587587587587588	0.423207575365442	0.216511029968569	0.0559485428700501
-0.57957957957958	0.422094103881848	0.214350886511383	0.0549447761975867
-0.571571571571572	0.420945182501125	0.212229971867204	0.0539678588143915
-0.563563563563563	0.41976790177212	0.210139540033858	0.053000858509286
-0.555555555555555	0.418566349129395	0.208065792153764	0.0520428221392182
-0.547547547547548	0.417344968372743	0.205984096466322	0.0510843015074849
-0.53953953953954	0.416096489128172	0.203898093182734	0.0501309732911448
-0.531531531531532	0.414794341483554	0.201839027893901	0.0491935120335428
-0.523523523523523	0.413453802947529	0.199797030478694	0.0482791071188774
-0.515515515515515	0.412088953332082	0.197772022728047	0.0473818516429571
-0.507507507507508	0.410707164225429	0.19575015737569	0.046511188871372
-0.4994994994995	0.40929968747093	0.193732433724042	0.0456623904347903
-0.491491491491492	0.407890743958746	0.191725180382593	0.0448318617143885
-0.483483483483483	0.406468827836865	0.189725478116625	0.0440095913455389
-0.475475475475475	0.405044482521779	0.187728886073321	0.0431940738516279
-0.467467467467467	0.403607147017921	0.185750464066213	0.042395845306834
-0.45945945945946	0.402166542519907	0.18379266405639	0.0416185352211848
-0.451451451451452	0.400716478044994	0.181842298751324	0.0408543773473368
-0.443443443443443	0.39925641475883	0.17990986073846	0.0400932599857741
-0.435435435435435	0.39778811801848	0.177987776889807	0.0393386678960085
-0.427427427427427	0.396304111941175	0.176070511636382	0.038591439035108
-0.41941941941942	0.394814383933608	0.174158123903929	0.0378650071572296
-0.411411411411412	0.393322081126243	0.172230772285034	0.0371485992882145
-0.403403403403403	0.391826145358367	0.170313096834958	0.0364361469529716
-0.395395395395395	0.390323610455062	0.168402750366663	0.0357336137820281
-0.387387387387387	0.388825484239454	0.166508892516395	0.0350404376631056
-0.37937937937938	0.387335140534886	0.164623221982584	0.0343583536407517
-0.371371371371372	0.38584343077371	0.162760769901519	0.0336898556174305
-0.363363363363363	0.384367219734243	0.160923539977049	0.03302831176325
-0.355355355355355	0.382883934202843	0.159114820881054	0.0323712202989642
-0.347347347347347	0.381404727710793	0.157321010155018	0.0317258240082809
-0.33933933933934	0.379918949660604	0.155535004932038	0.0310874556073224
-0.331331331331332	0.378445209798443	0.153754151261191	0.0304550127173568
-0.323323323323323	0.376993055588398	0.151994604827869	0.0298330249195131
-0.315315315315315	0.375565499748159	0.150239940744594	0.0292184415009714
-0.307307307307307	0.374148463274684	0.148497143384954	0.0286211008065444
-0.2992992992993	0.372750179109652	0.146766228643939	0.0280345508120839
-0.291291291291292	0.371375504770278	0.145050661416226	0.0274608438977628
-0.283283283283283	0.370015933058121	0.143357757331215	0.026895968927053
-0.275275275275275	0.368666860457248	0.141672017063639	0.0263500010445623
-0.267267267267267	0.367341182126829	0.13999314555712	0.0258121181610215
-0.25925925925926	0.366027115074885	0.138334021107691	0.0252821989479107
-0.251251251251252	0.364712413555352	0.136680739043746	0.0247541911567482
-0.243243243243243	0.363418922691106	0.135027199916945	0.0242277224313127
-0.235235235235235	0.36212709295073	0.133390427258424	0.0236962256517786
-0.227227227227227	0.360855571288049	0.131765560386983	0.0231729057225752
-0.219219219219219	0.359588534426388	0.130148543728181	0.022657847060689
-0.211211211211212	0.358328635364181	0.128538238239928	0.0221570360303275
-0.203203203203203	0.357083069139576	0.12691549044272	0.0216662643454237
-0.195195195195195	0.355848223472061	0.125305814667617	0.0211834658110981
-0.187187187187187	0.354613204034277	0.123716001761153	0.0207046694289613
-0.179179179179179	0.353354040889387	0.122140261623556	0.0202336357907452
-0.171171171171172	0.352101368142055	0.120580761839218	0.0197838172044126
-0.163163163163163	0.35084513587405	0.119046828868322	0.0193450947439629
-0.155155155155155	0.349577247345964	0.117540772562374	0.0189212527171953
-0.147147147147147	0.34830325465277	0.116046640739546	0.0185039868645615
-0.139139139139139	0.347045210761247	0.114563360963115	0.0180877543395378
-0.131131131131131	0.345789720090503	0.113098010626596	0.0176737247800328
-0.123123123123123	0.34454161361684	0.111647046721554	0.0172656440323365
-0.115115115115115	0.343319155103462	0.110208850689041	0.0168676248594926
-0.107107107107107	0.34211024003721	0.10878410693719	0.0164812123444971
-0.0990990990990994	0.340900669454316	0.107374849902489	0.0161111707941504
-0.0910910910910907	0.339671209971653	0.105977300065946	0.0157540846040167
-0.0830830830830829	0.338405581768302	0.104594110668906	0.0154085593006141
-0.075075075075075	0.337136312750432	0.103227840827385	0.015063297910229
-0.0670670670670672	0.335863333966808	0.101874451207661	0.0147225744420336
-0.0590590590590594	0.334579219891629	0.100538927824371	0.0143939379672085
-0.0510510510510507	0.333296787469806	0.0992124272000842	0.0140789232573915
-0.0430430430430429	0.33200503887771	0.0979060538230004	0.0137720747948057
-0.035035035035035	0.330703979782055	0.0966134135769955	0.0134717281834097
-0.0270270270270272	0.329393164180394	0.0953267150183163	0.0131725306618815
-0.0190190190190194	0.328094459408271	0.0940604010569962	0.0128726925001557
-0.0110110110110107	0.326801481903405	0.0928178800167615	0.0125802396547157
-0.00300300300300282	0.325512466239877	0.0915850716959096	0.0122923229776526
0.005005005005005	0.324226027118483	0.0903544355483469	0.0120134013705333
0.0130130130130128	0.322931975382772	0.089125211558401	0.0117441069730799
0.0210210210210207	0.321616194124367	0.0879051164663635	0.0114804679339199
0.0290290290290294	0.320293669802396	0.0867038193945973	0.0112237771862424
0.0370370370370372	0.318971649651668	0.0855141436125602	0.0109760775681196
0.045045045045045	0.317654663607511	0.0843330898244445	0.0107339693614827
0.0530530530530529	0.316340612601726	0.0831595087581116	0.010497062692181
0.0610610610610607	0.31502383390293	0.0819956633019703	0.0102660381786987
0.0690690690690694	0.313702043912869	0.0808362487832379	0.0100409420818523
0.0770770770770772	0.312380306867456	0.0796824007152466	0.00981989446382613
0.0850850850850851	0.311044992456672	0.0785504741766578	0.00960812938073712
0.0930930930930929	0.309707811428432	0.0774374578172294	0.00940208953187654
0.101101101101101	0.308372043835699	0.0763445804852999	0.00920459769463138
0.109109109109109	0.30703322387585	0.0752639738593056	0.00900994093671848
0.117117117117117	0.305683406401535	0.0741996525735964	0.00881884348324778
0.125125125125125	0.304333749647927	0.0731567483971923	0.00863090426797845
0.133133133133133	0.302987782236926	0.0721215148416981	0.00844801120634232
0.141141141141141	0.301643230585076	0.0710837438358639	0.00826758823229965
0.149149149149149	0.300304629545315	0.0700605142411294	0.00808680207762595
0.157157157157157	0.298940156056114	0.0690564894001837	0.00790699664135911
0.165165165165165	0.297569000476427	0.068069561828512	0.0077271590345167
0.173173173173173	0.296190783598123	0.0670859823387316	0.00754702695288406
0.181181181181181	0.294815589054069	0.0660977205099509	0.00736742065019339
0.189189189189189	0.293447520627855	0.0651107692138945	0.00719405813653693
0.197197197197197	0.29206920507139	0.0641402478842007	0.00702831627330935
0.205205205205205	0.290682508018832	0.0631701660832176	0.00686523475763278
0.213213213213213	0.289290252338362	0.0622098633796467	0.00670117179562415
0.221221221221221	0.287895668806181	0.0612598638204178	0.00653654654158731
0.22922922922923	0.286507543217902	0.0603159346453662	0.00637293071476737
0.237237237237237	0.285111596670503	0.0593752744351121	0.00621352664466851
0.245245245245245	0.28371029652072	0.058441578405298	0.00605941311057632
0.253253253253253	0.282296598733361	0.057518993165688	0.00590953038835938
0.261261261261261	0.280877112711693	0.0566112453053347	0.0057624961172124
0.26926926926927	0.279464038991717	0.0557156541654754	0.0056186722748069
0.277277277277277	0.278046967001497	0.0548309176747308	0.00547678447593402
0.285285285285285	0.276620186052704	0.0539527841249635	0.00533632962364372
0.293293293293293	0.275179677432817	0.0530862287314083	0.00519684642476425
0.301301301301301	0.27373254900437	0.0522265751441163	0.00505900408779027
0.30930930930931	0.272275413973849	0.0513795109954861	0.00492302129799915
0.317317317317317	0.27080722900087	0.0505392132960659	0.00479226797054676
0.325325325325325	0.269345243065089	0.0497061827229902	0.00466625121778722
0.333333333333333	0.267873973505108	0.0488815515417516	0.00454185985166515
0.341341341341341	0.266389207926436	0.0480682091119609	0.00442236486677038
0.34934934934935	0.264898055053215	0.0472649458461098	0.00430638790702865
0.357357357357357	0.263411610775627	0.0464796018425217	0.0041921498383902
0.365365365365365	0.261921306927624	0.0457038103703202	0.00408176307617053
0.373373373373373	0.260414383452298	0.0449467631976949	0.00397330038994645
0.381381381381381	0.258900932768947	0.0441888195662022	0.00386548798608297
0.38938938938939	0.25738413487158	0.0434363584087625	0.00375687795394392
0.397397397397397	0.255854535780626	0.0426948565951888	0.00365307551891681
0.405405405405405	0.254314163501685	0.0419662965059606	0.0035529440032405
0.413413413413413	0.252771805139821	0.0412531149131719	0.00345760827556762
0.421421421421422	0.251224429824246	0.0405513548787768	0.00336336417264852
0.42942942942943	0.249682897807486	0.0398655470414954	0.00327101081021119
0.437437437437437	0.2481421603796	0.0392005796149492	0.00318254290101549
0.445445445445445	0.246599964943286	0.0385448723801	0.00309696855375515
0.453453453453453	0.245050800503774	0.0378951937876485	0.00301345859360598
0.461461461461462	0.243484421106709	0.0372427414282027	0.00293132618647361
0.46946946946947	0.241886466499585	0.0365928528793818	0.00285330738797709
0.477477477477477	0.240286316049475	0.0359491374300108	0.00277620414764513
0.485485485485485	0.238678924932291	0.0353187192366235	0.00270280574001443
0.493493493493493	0.23706946629331	0.0346998209284055	0.00263353581482516
0.501501501501502	0.235458632087233	0.0340865669170622	0.00256648775140498
0.50950950950951	0.233851365267	0.0334784662969407	0.00250205692962299
0.517517517517518	0.232240802670531	0.0328765905473736	0.00243975090147088
0.525525525525525	0.230616451590999	0.032286002604544	0.00238019743501926
0.533533533533533	0.228989467426445	0.031704462703764	0.00232182554337135
0.541541541541542	0.227362793617868	0.031126349987704	0.00226608380013042
0.54954954954955	0.225742407269759	0.030567338071706	0.00221320007507531
0.557557557557558	0.224123239502128	0.0300187217188468	0.00215725635997644
0.565565565565565	0.222483572098848	0.0294865336706854	0.00210069484160202
0.573573573573573	0.220838462111576	0.0289676617728455	0.00204466206787075
0.581581581581582	0.219200985688076	0.0284598431320661	0.00198874623435455
0.58958958958959	0.217572212295007	0.0279585571913064	0.00193173972743169
0.597597597597598	0.215944668430791	0.0274611336014208	0.00187798989168328
0.605605605605605	0.214321625705188	0.026974199305937	0.00182797104238812
0.613613613613613	0.212705180608726	0.026493643239897	0.00177754198769809
0.621621621621622	0.211090093208005	0.0260124693996625	0.00172729564704978
0.62962962962963	0.209475895633786	0.0255287444942747	0.00167707175013051
0.637637637637638	0.207863598995698	0.0250408711678646	0.00162708397467726
0.645645645645645	0.206251234127185	0.0245506601701783	0.00157826601832396
0.653653653653653	0.204642671815029	0.0240673541296605	0.00153062520806069
0.661661661661662	0.203044445174155	0.0235875504110109	0.00148342893233192
0.66966966966967	0.201439995288613	0.0231175456093052	0.00143617303801587
0.677677677677678	0.199845592376852	0.0226569927355812	0.00139014762656115
0.685685685685685	0.198258014271155	0.0222038447852321	0.00134648937921195
0.693693693693693	0.196683859157146	0.0217527710819701	0.00130475308954347
0.701701701701702	0.195120990425955	0.0213140393572264	0.00126314788763782
0.70970970970971	0.19355163195916	0.0208860393862211	0.001221191587057
0.717717717717718	0.191983013406828	0.0204703500363722	0.00117993130829446
0.725725725725725	0.190422444942422	0.0200712136586686	0.00114257721054065
0.733733733733733	0.188882919183315	0.0196812929842526	0.00110689186138434
0.741741741741742	0.18735321549191	0.0192957728612707	0.00107348710806121
0.74974974974975	0.185823214222565	0.0189160404126378	0.00104267241527171
0.757757757757758	0.184297184252532	0.0185408381103495	0.00101227700381783
0.765765765765765	0.182773517235266	0.018169775130655	0.000983325411948886
0.773773773773773	0.181253378391004	0.0178056712123756	0.000956159163346806
0.781781781781782	0.179745947470769	0.017447991580294	0.000930510962682823
0.78978978978979	0.178239271696313	0.0170969204832463	0.00090458455482392
0.797797797797798	0.176746507522751	0.0167558043439941	0.000879499078729675
0.805805805805806	0.175255899419615	0.0164202840958438	0.000854934006217802
0.813813813813813	0.17376536474421	0.0160908370228401	0.000831189999819442
0.821821821821822	0.172291140712388	0.0157716787944687	0.000809082141278955
0.82982982982983	0.170817062949596	0.0154587850508001	0.000788804031018304
0.837837837837838	0.169350152364096	0.0151505043095475	0.000768837331273982
0.845845845845846	0.167885229462217	0.0148480148987134	0.000748059428317467
0.853853853853853	0.166430686828763	0.0145552287751297	0.000726379068881884
0.861861861861862	0.164973583185488	0.0142772038189711	0.000706116305430151
0.86986986986987	0.163514622959993	0.0140072249392255	0.000688400219363633
0.877877877877878	0.162062164579529	0.0137468964677899	0.000672630146039103
0.885885885885886	0.16061841603502	0.0134947105667876	0.000656916308318342
0.893893893893894	0.159183408791235	0.0132493664071344	0.000641650447189709
0.901901901901902	0.157752294785357	0.0130096458028157	0.000626270985172803
0.90990990990991	0.156333320036847	0.0127720666880829	0.000612707826362966
0.917917917917918	0.154925429310545	0.0125364563681143	0.000601790483113856
0.925925925925926	0.153523360197786	0.0123045020969524	0.000591930651877232
0.933933933933934	0.152129584798711	0.0120797130971601	0.000582491062140361
0.941941941941942	0.15074630730874	0.0118575462232478	0.000572656067675452
0.94994994994995	0.149363522790435	0.0116388174394503	0.000562962871114917
0.957957957957958	0.147988127727685	0.0114215699728513	0.0005537799179532
0.965965965965966	0.146616557987562	0.0112058147591147	0.000543737433832093
0.973973973973974	0.14525569091774	0.0109923258423768	0.000533781778398233
0.981981981981982	0.143918533202123	0.0107870056117277	0.000524041186582413
0.98998998998999	0.142584382236203	0.010583784651714	0.00051325603075068
0.997997997997998	0.141253074727829	0.0103834263463609	0.000501112692076374
1.00600600600601	0.139918641793005	0.0101878754603912	0.000488924378365583
1.01401401401401	0.138589422113822	0.00999651947573921	0.000476719357639408
1.02202202202202	0.137254315333379	0.00980932923143188	0.000463856751627859
1.03003003003003	0.135929826537916	0.00962680267497537	0.000450630620824612
1.03803803803804	0.134605452327678	0.00944818016664486	0.000437134272594865
1.04604604604605	0.133286761961537	0.00927300306912778	0.000423036943989556
1.05405405405405	0.131968496108799	0.00909999284425909	0.000409146876602629
1.06206206206206	0.13065516426311	0.00893146091489359	0.000395315764892406
1.07007007007007	0.129350163438738	0.00876088425420468	0.000381747893530607
1.07807807807808	0.128042565964764	0.00858891385635181	0.000368049209365398
1.08608608608609	0.126733447890858	0.00841694029892299	0.000354466155008762
1.09409409409409	0.125436491283263	0.00824551650164706	0.000341449010429119
1.1021021021021	0.124147498543442	0.0080737459569213	0.000328652906818937
1.11011011011011	0.122865375805334	0.00790324898047369	0.000316259011731466
1.11811811811812	0.12157117570313	0.00773396708199103	0.000303807593983779
1.12612612612613	0.120273411703913	0.0075641503196253	0.000291923450458117
1.13413413413413	0.118984725080792	0.00739462286279464	0.000281528626387168
1.14214214214214	0.117699519353268	0.00722460119959074	0.000271186518308131
1.15015015015015	0.116416684082454	0.00705565416970759	0.000261204154770788
1.15815815815816	0.115137217611037	0.00689033419198496	0.000251641735365354
1.16616616616617	0.11387558919718	0.0067273716616071	0.000242469436159356
1.17417417417417	0.112621449667539	0.00656858457260123	0.000234449656229944
1.18218218218218	0.111364390136863	0.00641459541955682	0.000227253176579931
1.19019019019019	0.110119788874716	0.00626388979581694	0.000219963745479039
1.1981981981982	0.108877687401087	0.00611522742567598	0.00021255310004427
1.20620620620621	0.107639829894687	0.0059651846195958	0.000205515742429592
1.21421421421421	0.106409840126111	0.00581579425885027	0.000198044267025821
1.22222222222222	0.105182978061929	0.00567125744991637	0.000191198110185415
1.23023023023023	0.103964910008955	0.00552993467839704	0.000184643902270724
1.23823823823824	0.102763936271988	0.00538770166799814	0.000178075843891593
1.24624624624625	0.101578674758865	0.00524814968804695	0.000171403030892664
1.25425425425425	0.100404193240724	0.00511007093405952	0.000164326012610358
1.26226226226226	0.0992371042382062	0.00497470619636465	0.000156781278488464
1.27027027027027	0.0980753673559406	0.0048431225912524	0.000149676966364299
1.27827827827828	0.0969197704572396	0.00471445967292799	0.000142698196457962
1.28628628628629	0.0957807002969031	0.00458866050104333	0.000136074869719356
1.29429429429429	0.0946498513592044	0.00446507358486948	0.000129310244387452
1.3023023023023	0.0935126424333267	0.00434555459849225	0.000122409039162539
1.31031031031031	0.0923776479533907	0.00422935643347991	0.000115416717626964
1.31831831831832	0.0912486315353646	0.00411490613020236	0.000108851621221263
1.32632632632633	0.0901245016162642	0.00400097022858189	0.000103693068993454
1.33433433433433	0.0890020559044511	0.00389059886049285	9.92177310813427e-05
1.34234234234234	0.0878833830100661	0.00378433247888413	9.46467368689035e-05
1.35035035035035	0.0867716523531304	0.00368002344350861	9.08584694349505e-05
1.35835835835836	0.0856660981119433	0.00357864038959839	8.68624526743531e-05
1.36636636636637	0.0845658937742777	0.00348042848052091	8.37788836861138e-05
1.37437437437437	0.0834779444720201	0.00338646051359555	8.05523893125023e-05
1.38238238238238	0.0823919105960486	0.00329449333918104	7.74191819584634e-05
1.39039039039039	0.0813152299191746	0.00320558107408469	7.47852677476556e-05
1.3983983983984	0.0802480882713977	0.00311867792445652	7.2402514238556e-05
1.40640640640641	0.0791987839030346	0.00303442168204592	6.99512657000759e-05
1.41441441441441	0.0781545887066516	0.00295325944300283	6.72613510138609e-05
1.42242242242242	0.0771126855160501	0.002875525931228	6.45998707624543e-05
1.43043043043043	0.0760801052289224	0.00280057487699746	6.20060909438371e-05
1.43843843843844	0.0750628583008663	0.00273051199347638	5.93343612943253e-05
1.44644644644645	0.0740588180270452	0.00266158638908629	5.68425141445857e-05
1.45445445445445	0.0730700415987402	0.00259463933778915	5.4656243124193e-05
1.46246246246246	0.0720911466100289	0.002529049210526	5.21873980076633e-05
1.47047047047047	0.0711247213759674	0.00246544739066967	4.94259321322448e-05
1.47847847847848	0.0701709948131726	0.00240271538924137	4.71972121959786e-05
1.48648648648649	0.0692309120601076	0.00234052707005631	4.52228930599188e-05
1.49449449449449	0.0683015317363965	0.00227855366813383	4.35706065743231e-05
1.5025025025025	0.0673786249909784	0.00221893475572748	4.20293800564882e-05
1.51051051051051	0.0664668993311985	0.00216229472270269	4.08793601283258e-05
1.51851851851852	0.0655582897887579	0.00210920701822174	3.98172218869004e-05
1.52652652652653	0.0646581968097628	0.00205861522792309	3.88436564926947e-05
1.53453453453453	0.0637767768457679	0.00201113515258104	3.81684274131624e-05
1.54254254254254	0.0629015224177297	0.00196565324720505	3.76748357659023e-05
1.55055055055055	0.0620350970581654	0.00192160005707857	3.71264620676754e-05
1.55855855855856	0.0611775465522513	0.0018787538407982	3.68902512049069e-05
1.56656656656657	0.0603306942600525	0.00183652436208717	3.67751009197918e-05
1.57457457457457	0.059487343376135	0.00179220031856309	3.65253887214339e-05
1.58258258258258	0.0586565523919574	0.00174675612533876	3.62251932305961e-05
1.59059059059059	0.057834694586211	0.00170359750427391	3.59586402017112e-05
1.5985985985986	0.0570179829170184	0.00166101998534352	3.55315409165085e-05
1.60660660660661	0.0562090485378655	0.00162012045889156	3.49438953749884e-05
1.61461461461461	0.0554053055136787	0.00158034983513957	3.44676572053197e-05
1.62262262262262	0.0546142071410628	0.00154204141122966	3.38661433789944e-05
1.63063063063063	0.0538332617881442	0.00150443811461569	3.31170103009342e-05
1.63863863863864	0.0530635546249298	0.0014670026021319	3.25140929490956e-05
1.64664664664665	0.0523082356093623	0.00143037588672236	3.18959366230764e-05
1.65465465465465	0.0515588979137715	0.0013934936347274	3.13192770908117e-05
1.66266266266266	0.050819902642845	0.00135606781987921	3.06164740714402e-05
1.67067067067067	0.0500873886073066	0.00132182094698998	2.97875275649622e-05
1.67867867867868	0.0493552182427267	0.00128949273652694	2.88324375713776e-05
1.68668668668669	0.0486331141935571	0.00125765351700957	2.77512040906861e-05
1.69469469469469	0.0479151044980374	0.00122567427686052	2.65438271228881e-05
1.7027027027027	0.0472017162876858	0.00119407896201347	2.55651242631708e-05
1.71071071071071	0.046493834031378	0.00116354593437237	2.46896906365847e-05
1.71871871871872	0.045801970354778	0.00113433975491129	2.36881135228918e-05
1.72672672672673	0.0451176455336166	0.00110567564808454	2.27336299650537e-05
1.73473473473473	0.044434171775634	0.00107807338820849	2.18004657278813e-05
1.74274274274274	0.0437597165548984	0.00105092124208005	2.09856713669875e-05
1.75075075075075	0.0430942676133184	0.00102454892081607	2.02794821039401e-05
1.75875875875876	0.0424389991666669	0.000999538563464392	1.97974074735298e-05
1.76676676676677	0.0417963857297866	0.000974811555101466	1.93447043537826e-05
1.77477477477477	0.0411613916795669	0.000950524203165879	1.92037629739206e-05
1.78278278278278	0.0405368098293032	0.000926107497369006	1.89654226171415e-05
1.79079079079079	0.0399261006784459	0.000902266740641356	1.86939175158371e-05
1.7987987987988	0.0393264152449985	0.000879148858406682	1.85486044637633e-05
1.80680680680681	0.0387322511863158	0.000854942758847788	1.83115506937936e-05
1.81481481481481	0.0381466205565164	0.000831152139942065	1.79827562059283e-05
1.82282282282282	0.0375691063596232	0.000807699147361675	1.7756624552158e-05
1.83083083083083	0.0369953597698501	0.000784434762878474	1.75486085633506e-05
1.83883883883884	0.0364330425954404	0.000761604235148712	1.72603194463844e-05
1.84684684684685	0.0358796164076649	0.000738968930683617	1.68917572012594e-05
1.85485485485485	0.0353278799260841	0.000716290734141944	1.64902115866323e-05
1.86286286286286	0.0347788675651683	0.000694131801567747	1.62596572601529e-05
1.87087087087087	0.0342350549186188	0.000673481697628069	1.59602973952516e-05
1.87887887887888	0.0336993346704555	0.000652965453173849	1.56504016818878e-05
1.88688688688689	0.03316510774011	0.000634087794961616	1.56564792690297e-05
1.89489489489489	0.0326349487685917	0.000615980095593577	1.5725098468464e-05
1.9029029029029	0.0321036371730816	0.000597643241103723	1.57249121294764e-05
1.91091091091091	0.0315754223638072	0.000580335578014613	1.56559202520671e-05
1.91891891891892	0.0310556327525288	0.000564463242921598	1.55181228362359e-05
1.92692692692693	0.0305425724519464	0.000548709010790867	1.53115198819829e-05
1.93493493493493	0.0300337658500944	0.000532618647743068	1.50361113893081e-05
1.94294294294294	0.0295307389266828	0.000517224111256943	1.46918973582115e-05
1.95095095095095	0.0290408107047859	0.000502646650970089	1.42788777886931e-05
1.95895895895896	0.028560752491376	0.000487844029392791	1.39701637314339e-05
1.96696696696697	0.0280857958408058	0.000473808964617296	1.37229739657024e-05
1.97497497497497	0.0276154850648334	0.000460185492987806	1.34184462512861e-05
1.98298298298298	0.0271528511797913	0.000448015833668586	1.30565805881849e-05
1.99099099099099	0.0266958038057341	0.000435896197343753	1.28128168825905e-05
1.998998998999	0.026241460689308	0.000423557080078263	1.26398058960708e-05
2.00700700700701	0.0257962229592218	0.000411629929620187	1.24209245506033e-05
2.01501501501502	0.0253620097534816	0.000401125975460822	1.2156172846188e-05
2.02302302302302	0.024937585028738	0.000390576806896816	1.18455507828247e-05
2.03103103103103	0.0245222575604206	0.000378900943496359	1.14890583605136e-05
2.03903903903904	0.0241199782769853	0.000366894924785602	1.10866955792546e-05
2.04704704704705	0.0237249701994614	0.000355571124132093	1.06384624390477e-05
2.05505505505506	0.0233364997077718	0.000344288136900426	1.0144358939893e-05
2.06306306306306	0.0229545755779101	0.000333012880892977	9.60438508179039e-06
2.07107107107107	0.0225767965223397	0.000322427171285519	9.01854086473989e-06
2.07907907907908	0.022205211709228	0.000312209424660527	8.38682628874148e-06
2.08708708708709	0.0218371035951876	0.00030216929654134	7.70924135379526e-06
2.0950950950951	0.0214713705117591	0.000292103985670942	6.98578605990112e-06
2.1031031031031	0.0211131521039867	0.000282254587266706	6.21646040705915e-06
2.11111111111111	0.0207586933521947	0.000272272439236712	5.6261939175939e-06
2.11911911911912	0.0204088546769468	0.000262263553819133	5.07055781294199e-06
2.12712712712713	0.0200659912232649	0.000253553954312517	4.48051893907925e-06
2.13513513513514	0.0197306160187136	0.000245603663477553	4.10975149353532e-06
2.14314314314314	0.0194006151258783	0.000237716207265077	3.75743522304905e-06
2.15115115115115	0.0190762613129132	0.000230434058238875	3.38218377308882e-06
2.15915915915916	0.018759310678947	0.000222924956809563	3.13735909206199e-06
2.16716716716717	0.0184458249040776	0.000215631771868078	3.01891645971375e-06
2.17517517517518	0.018136187169908	0.000208065800608954	2.88900623762858e-06
2.18318318318318	0.0178326567626309	0.000200825887168147	2.74762842580642e-06
2.19119119119119	0.0175347914299458	0.000193629814965641	2.59478302424732e-06
2.1991991991992	0.0172394932288886	0.000186652402828596	2.4304700329512e-06
2.20720720720721	0.0169458374430233	0.000179434561006137	2.25468945191815e-06
2.21521521521522	0.0166557229127966	0.000172936504717725	2.06744128114813e-06
2.22322322322322	0.0163689809842149	0.000166743118079326	1.86872552064114e-06
2.23123123123123	0.0160840846899172	0.000160826397443241	1.65854217039717e-06
2.23923923923924	0.015801070593763	0.000154808300349048	1.43689123041621e-06
2.24724724724725	0.0155190217165948	0.000148994768003234	1.2037727006983e-06
2.25525525525526	0.0152377771640182	0.000143025288326093	9.5918658124344e-07
2.26326326326326	0.0149584355802856	0.00013694854323176	7.03132872051608e-07
2.27127127127127	0.014684662797202	0.000131392513203663	4.35611573122799e-07
2.27927927927928	0.0144126400336691	0.000126378855524137	1.56622684456996e-07
2.28728728728729	0.0141437543048598	0.000121577899742499	0
2.2952952952953	0.0138793355464488	0.000116947600427523	0
2.3033033033033	0.0136199612631635	0.000112728086315219	0
2.31131131131131	0.0133682728680889	0.000108418650268289	0
2.31931931931932	0.0131234357753847	0.000104346354911292	0
2.32732732732733	0.0128803881904975	0.000100753819585997	0
2.33533533533534	0.0126418117810252	9.80049249815926e-05	0
2.34334334334334	0.0124059996334943	9.5590936676374e-05	0
2.35135135135135	0.0121738271208965	9.29875133611639e-05	0
2.35935935935936	0.0119447203405057	9.04169961107717e-05	0
2.36736736736737	0.0117188140506526	8.77845779525477e-05	0
2.37537537537538	0.0114978555224793	8.51404429168449e-05	0
2.38338338338338	0.0112801993178946	8.26860942042738e-05	0
2.39139139139139	0.0110682933251235	8.04748640723141e-05	0
2.3993993993994	0.0108591246678147	7.84446551995255e-05	0
2.40740740740741	0.0106515605406526	7.64133566924262e-05	0
2.41541541541542	0.0104458971514294	7.42168476123498e-05	0
2.42342342342342	0.0102415190915847	7.19368928808991e-05	0
2.43143143143143	0.0100411538330576	6.96608672135211e-05	0
2.43943943943944	0.00984475492854767	6.73522751322051e-05	0
2.44744744744745	0.00964830063460633	6.52265939033251e-05	0
2.45545545545546	0.00945095041640192	6.33297757466669e-05	0
2.46346346346346	0.00925414204150236	6.14935432978213e-05	0
2.47147147147147	0.00906344371728242	6.01610476912623e-05	0
2.47947947947948	0.00887766835234455	5.87372679088113e-05	0
2.48748748748749	0.00869360167153622	5.75042742665078e-05	0
2.4954954954955	0.00851108832128006	5.62259286621945e-05	0
2.5035035035035	0.00833611849674787	5.50222387563553e-05	0
2.51151151151151	0.0081637175831768	5.39897192388028e-05	0
2.51951951951952	0.00799433494414895	5.29364374175233e-05	0
2.52752752752753	0.00782565032511538	5.17161358388401e-05	0
2.53553553553554	0.00765875363907939	5.03911169461973e-05	0
2.54354354354354	0.00749482910765104	4.8996538536003e-05	0
2.55155155155155	0.00733333384784373	4.75405067255128e-05	0
2.55955955955956	0.00717390725092962	4.59895745907148e-05	0
2.56756756756757	0.00701899600247051	4.46105238692701e-05	0
2.57557557557558	0.00686559937648923	4.33899463226859e-05	0
2.58358358358358	0.0067139087929187	4.201903156725e-05	0
2.59159159159159	0.00656633202466118	4.05815293405043e-05	0
2.5995995995996	0.00642241240039407	3.92756045049677e-05	0
2.60760760760761	0.00627990905629195	3.80582777853196e-05	0
2.61561561561562	0.00613935037937277	3.67778894285e-05	0
2.62362362362362	0.0059998689428112	3.53554902741129e-05	0
2.63163163163163	0.00586411482330321	3.42775608764024e-05	0
2.63963963963964	0.00573199679330669	3.3385110556134e-05	0
2.64764764764765	0.00560191349334152	3.25266031242285e-05	0
2.65565565565566	0.00547481616033854	3.15427920474108e-05	0
2.66366366366366	0.0053495065316821	3.06739184459081e-05	0
2.67167167167167	0.00522695936456139	2.99274087062604e-05	0
2.67967967967968	0.00510728931746176	2.92848068830412e-05	0
2.68768768768769	0.00499011291978721	2.85682613055259e-05	0
2.6956956956957	0.00487432591231725	2.77514728120808e-05	0
2.7037037037037	0.00476140475939974	2.68344414027059e-05	0
2.71171171171171	0.00465165339587832	2.5817167077401e-05	0
2.71971971971972	0.00454330048561207	2.49221506771643e-05	0
2.72772772772773	0.00443760957065046	2.41857203928331e-05	0
2.73573573573574	0.0043339758741993	2.35751293265897e-05	0
2.74374374374374	0.00423025686056689	2.28726489207438e-05	0
2.75175175175175	0.00412880502300362	2.20782791752955e-05	0
2.75975975975976	0.00403034634213412	2.13596608364158e-05	0
2.76776776776777	0.00393238537530963	2.06271222352602e-05	0
2.77577577577578	0.00383612148628554	1.99279208602408e-05	0
2.78378378378378	0.00374068209376272	1.942369100682e-05	0
2.79179179179179	0.00364732304763347	1.89377973825673e-05	0
2.7997997997998	0.00355515952515852	1.83850751476946e-05	0
2.80780780780781	0.00346330323669773	1.77655243022021e-05	0
2.81581581581582	0.0033734151034251	1.70791448460897e-05	0
2.82382382382382	0.00328434257267355	1.63259367793574e-05	0
2.83183183183183	0.00319708925527717	1.55059001020051e-05	0
2.83983983983984	0.00311318225315159	1.4619034814033e-05	0
2.84784784784785	0.00303243629331581	1.3665340915441e-05	0
2.85585585585586	0.00295398163120146	1.26689723937849e-05	0
2.86386386386386	0.00287716026478804	1.18222143377204e-05	0
2.87187187187187	0.00280206403032252	1.09169812473633e-05	0
2.87987987987988	0.00272856624629633	1.00015000980386e-05	0
2.88788788788789	0.00265617395544079	9.22075907755795e-06	0
2.8958958958959	0.0025859200688772	8.41686471618107e-06	0
2.9039039039039	0.00251774475822212	7.99402911529043e-06	0
2.91191191191191	0.00245194818963687	7.55929709115334e-06	0
2.91991991991992	0.00238801539719557	7.09115076170632e-06	0
2.92792792792793	0.00232671913009488	6.58959012694938e-06	0
2.93593593593594	0.00226767428832097	6.29317495177208e-06	0
2.94394394394394	0.00221063609470437	6.21258897949989e-06	0
2.95195195195195	0.00215524913274665	6.11529585457272e-06	0
2.95995995995996	0.00210067227142232	6.00129557699058e-06	0
2.96796796796797	0.00204767613608924	5.87058814675345e-06	0
2.97597597597598	0.00199603824877948	5.72317356386137e-06	0
2.98398398398398	0.00194661028393572	5.55905182831431e-06	0
2.99199199199199	0.0018996651622407	5.37822294011228e-06	0
3	0.00185365672303493	5.18068689925523e-06	0
